osu file format v14

[General]
AudioFilename: audio.mp3
AudioLeadIn: 0
PreviewTime: 63209
Countdown: 0
SampleSet: Soft
StackLeniency: 0.7
Mode: 3
LetterboxInBreaks: 0
SpecialStyle: 0
WidescreenStoryboard: 0

[Editor]
Bookmarks: 123989
DistanceSpacing: 1.1
BeatDivisor: 8
GridSize: 32
TimelineZoom: 1.3

[Metadata]
Title:Dakara Boku wa Ongaku o Yameta
TitleUnicode:だから僕は音楽を辞めた
Artist:Yorushika
ArtistUnicode:ヨルシカ
Creator:nasucase
Version:Harmony (mod this)
Source:
Tags:japanese jpop j-pop pop full song version Moonlight n-buna nbuna suis 所以我放棄了音樂 that's that is why I gave up on music female 所以我放弃了音乐 album
BeatmapID:4200171
BeatmapSetID:2017382

[Difficulty]
HPDrainRate:7
CircleSize:4
OverallDifficulty:7
ApproachRate:5
SliderMultiplier:1.4
SliderTickRate:1

[Events]
//Background and Video events
0,0,"80147873_p0.jpg",0,0
//Break Periods
//Storyboard Layer 0 (Background)
//Storyboard Layer 1 (Fail)
//Storyboard Layer 2 (Pass)
//Storyboard Layer 3 (Foreground)
//Storyboard Layer 4 (Overlay)
//Storyboard Sound Samples

[TimingPoints]
1349,480,4,2,1,60,1,0
2309,480,4,2,1,60,1,0
138629,-100,4,2,1,60,0,1
145829,-100,4,2,1,60,0,1
146309,-100,4,2,1,60,0,1
153989,-100,4,2,1,60,0,0


[HitObjects]
448,192,1349,5,0,0:0:0:0:
64,192,1349,1,0,0:0:0:0:
448,192,1829,1,0,0:0:0:0:
64,192,1829,1,0,0:0:0:0:
320,192,2309,1,0,0:0:0:0:
192,192,2309,1,0,0:0:0:0:
448,192,2429,1,0,0:0:0:0:
64,192,2549,128,0,2789:0:0:0:0:
192,192,2669,1,0,0:0:0:0:
320,192,2789,1,0,0:0:0:0:
448,192,2789,128,0,2909:0:0:0:0:
192,192,2909,128,0,3029:0:0:0:0:
320,192,3029,128,0,3269:0:0:0:0:
64,192,3149,1,0,0:0:0:0:
448,192,3269,128,0,3389:0:0:0:0:
192,192,3269,1,0,0:0:0:0:
64,192,3389,128,0,3509:0:0:0:0:
320,192,3509,128,0,3629:0:0:0:0:
192,192,3629,128,0,3749:0:0:0:0:
64,192,3749,128,0,3989:0:0:0:0:
448,192,3749,1,0,0:0:0:0:
320,192,3869,128,0,3989:0:0:0:0:
192,192,3989,128,0,4229:0:0:0:0:
320,192,4229,1,0,0:0:0:0:
448,192,4229,1,0,0:0:0:0:
64,192,4349,1,0,0:0:0:0:
192,192,4469,128,0,4589:0:0:0:0:
64,192,4589,128,0,4709:0:0:0:0:
448,192,4709,128,0,4829:0:0:0:0:
320,192,4709,1,0,0:0:0:0:
192,192,4829,128,0,4949:0:0:0:0:
64,192,4949,128,0,5069:0:0:0:0:
320,192,5069,128,0,5189:0:0:0:0:
64,192,5189,128,0,5309:0:0:0:0:
448,192,5189,1,0,0:0:0:0:
192,192,5309,128,0,5429:0:0:0:0:
448,192,5429,128,0,5549:0:0:0:0:
320,192,5549,128,0,5669:0:0:0:0:
192,192,5669,128,0,5909:0:0:0:0:
64,192,5669,1,0,0:0:0:0:
448,192,5789,1,0,0:0:0:0:
320,192,5909,128,0,6149:0:0:0:0:
64,192,6029,1,0,0:0:0:0:
448,192,6149,1,0,0:0:0:0:
192,192,6149,1,0,0:0:0:0:
64,192,6269,1,0,0:0:0:0:
320,192,6389,128,0,6509:0:0:0:0:
448,192,6509,128,0,6629:0:0:0:0:
64,192,6629,128,0,6749:0:0:0:0:
192,192,6629,1,0,0:0:0:0:
448,192,6749,128,0,6869:0:0:0:0:
192,192,6869,128,0,6989:0:0:0:0:
320,192,6989,128,0,7109:0:0:0:0:
64,192,7109,128,0,7349:0:0:0:0:
192,192,7109,1,0,0:0:0:0:
448,192,7229,1,0,0:0:0:0:
320,192,7349,128,0,7589:0:0:0:0:
192,192,7469,1,0,0:0:0:0:
448,192,7589,1,0,0:0:0:0:
64,192,7589,1,0,0:0:0:0:
192,192,7709,1,0,0:0:0:0:
448,192,7829,128,0,7949:0:0:0:0:
320,192,7949,128,0,8069:0:0:0:0:
64,192,8069,1,0,0:0:0:0:
448,192,8069,128,0,8189:0:0:0:0:
192,192,8189,128,0,8309:0:0:0:0:
320,192,8309,128,0,8429:0:0:0:0:
64,192,8429,128,0,8549:0:0:0:0:
448,192,8549,128,0,8669:0:0:0:0:
192,192,8549,1,0,0:0:0:0:
320,192,8669,128,0,8789:0:0:0:0:
64,192,8789,128,0,8909:0:0:0:0:
192,192,8909,1,0,0:0:0:0:
320,192,9029,128,0,9269:0:0:0:0:
448,192,9029,1,0,0:0:0:0:
64,192,9149,1,0,0:0:0:0:
448,192,9269,128,0,9509:0:0:0:0:
192,192,9389,1,0,0:0:0:0:
64,192,9509,1,0,0:0:0:0:
320,192,9509,1,0,0:0:0:0:
192,192,9629,1,0,0:0:0:0:
448,192,9749,128,0,9869:0:0:0:0:
320,192,9869,1,0,0:0:0:0:
64,192,9989,1,0,0:0:0:0:
192,192,9989,1,0,0:0:0:0:
448,192,10109,1,0,0:0:0:0:
320,192,10229,128,0,10349:0:0:0:0:
448,192,10349,128,0,10469:0:0:0:0:
64,192,10469,128,0,10589:0:0:0:0:
192,192,10469,1,0,0:0:0:0:
320,192,10589,128,0,10709:0:0:0:0:
192,192,10709,128,0,10949:0:0:0:0:
448,192,10829,1,0,0:0:0:0:
320,192,10949,1,0,0:0:0:0:
64,192,10949,128,0,11069:0:0:0:0:
448,192,11069,128,0,11429:0:0:0:0:
192,192,11189,1,0,0:0:0:0:
320,192,11309,128,0,11429:0:0:0:0:
192,192,11429,128,0,11669:0:0:0:0:
64,192,11429,1,0,0:0:0:0:
448,192,11549,1,0,0:0:0:0:
320,192,11669,128,0,11909:0:0:0:0:
64,192,11909,1,0,0:0:0:0:
448,192,11909,1,0,0:0:0:0:
192,192,12029,1,0,0:0:0:0:
320,192,12149,128,0,12269:0:0:0:0:
64,192,12269,128,0,12389:0:0:0:0:
192,192,12389,1,0,0:0:0:0:
448,192,12389,128,0,12509:0:0:0:0:
320,192,12509,128,0,12629:0:0:0:0:
64,192,12629,128,0,12869:0:0:0:0:
192,192,12749,128,0,12869:0:0:0:0:
320,192,12869,128,0,13109:0:0:0:0:
448,192,12869,1,0,0:0:0:0:
192,192,12989,128,0,13109:0:0:0:0:
64,192,13109,128,0,13229:0:0:0:0:
448,192,13229,128,0,13349:0:0:0:0:
320,192,13349,1,0,0:0:0:0:
192,192,13349,128,0,13469:0:0:0:0:
448,192,13469,128,0,13589:0:0:0:0:
64,192,13589,128,0,13829:0:0:0:0:
192,192,13709,1,0,0:0:0:0:
320,192,13829,1,0,0:0:0:0:
448,192,13829,1,0,0:0:0:0:
192,192,13949,1,0,0:0:0:0:
448,192,14069,1,0,0:0:0:0:
64,192,14189,1,0,0:0:0:0:
320,192,14309,1,0,0:0:0:0:
192,192,14309,128,0,14429:0:0:0:0:
448,192,14429,128,0,14549:0:0:0:0:
320,192,14549,128,0,14669:0:0:0:0:
192,192,14669,128,0,14789:0:0:0:0:
448,192,14789,1,0,0:0:0:0:
64,192,14789,128,0,14909:0:0:0:0:
320,192,14909,128,0,15029:0:0:0:0:
448,192,15029,128,0,15269:0:0:0:0:
192,192,15149,1,0,0:0:0:0:
320,192,15269,1,0,0:0:0:0:
64,192,15269,1,0,0:0:0:0:
448,192,15389,1,0,0:0:0:0:
192,192,15509,1,0,0:0:0:0:
448,192,15749,128,0,15869:0:0:0:0:
320,192,15749,1,0,0:0:0:0:
64,192,15869,128,0,15989:0:0:0:0:
192,192,15989,128,0,16109:0:0:0:0:
64,192,16109,128,0,16229:0:0:0:0:
448,192,16229,128,0,16349:0:0:0:0:
192,192,16349,128,0,16469:0:0:0:0:
320,192,16469,128,0,16589:0:0:0:0:
448,192,16589,128,0,16709:0:0:0:0:
64,192,16709,128,0,16949:0:0:0:0:
192,192,16829,128,0,16949:0:0:0:0:
320,192,16949,128,0,17189:0:0:0:0:
448,192,17069,128,0,17189:0:0:0:0:
192,192,17189,128,0,17309:0:0:0:0:
64,192,17309,128,0,17429:0:0:0:0:
320,192,17429,1,0,0:0:0:0:
320,192,17549,1,0,0:0:0:0:
64,192,17669,128,0,17909:0:0:0:0:
192,192,17669,1,0,0:0:0:0:
448,192,17669,1,0,0:0:0:0:
192,192,17909,1,0,0:0:0:0:
320,192,17909,128,0,18149:0:0:0:0:
448,192,18149,128,0,18389:0:0:0:0:
64,192,18149,1,0,0:0:0:0:
192,192,18389,128,0,18629:0:0:0:0:
320,192,18509,128,0,18629:0:0:0:0:
64,192,18629,1,0,0:0:0:0:
448,192,18629,1,0,0:0:0:0:
192,192,18749,1,0,0:0:0:0:
64,192,18869,1,0,0:0:0:0:
448,192,18869,128,0,19109:0:0:0:0:
320,192,18989,128,0,19109:0:0:0:0:
64,192,19109,1,0,0:0:0:0:
192,192,19109,1,0,0:0:0:0:
320,192,19229,1,0,0:0:0:0:
192,192,19349,1,0,0:0:0:0:
448,192,19469,1,0,0:0:0:0:
320,192,19589,128,0,19829:0:0:0:0:
64,192,19589,1,0,0:0:0:0:
448,192,19829,1,0,0:0:0:0:
64,192,19829,128,0,20069:0:0:0:0:
192,192,20069,1,0,0:0:0:0:
320,192,20069,128,0,20309:0:0:0:0:
64,192,20309,128,0,20549:0:0:0:0:
448,192,20429,128,0,20549:0:0:0:0:
192,192,20549,1,0,0:0:0:0:
320,192,20549,1,0,0:0:0:0:
448,192,20669,1,0,0:0:0:0:
192,192,20789,1,0,0:0:0:0:
64,192,20789,128,0,21029:0:0:0:0:
320,192,21029,1,0,0:0:0:0:
448,192,21029,1,0,0:0:0:0:
192,192,21149,1,0,0:0:0:0:
320,192,21269,1,0,0:0:0:0:
64,192,21389,1,0,0:0:0:0:
192,192,21509,1,0,0:0:0:0:
448,192,21509,128,0,21749:0:0:0:0:
64,192,21749,1,0,0:0:0:0:
320,192,21749,128,0,21989:0:0:0:0:
192,192,21989,1,0,0:0:0:0:
64,192,21989,128,0,22229:0:0:0:0:
448,192,22229,128,0,22469:0:0:0:0:
320,192,22349,128,0,22469:0:0:0:0:
192,192,22469,1,0,0:0:0:0:
64,192,22469,1,0,0:0:0:0:
448,192,22589,1,0,0:0:0:0:
64,192,22709,1,0,0:0:0:0:
320,192,22709,128,0,22949:0:0:0:0:
192,192,22949,1,0,0:0:0:0:
448,192,22949,128,0,23189:0:0:0:0:
320,192,23069,1,0,0:0:0:0:
64,192,23189,1,0,0:0:0:0:
192,192,23189,128,0,23429:0:0:0:0:
448,192,23429,1,0,0:0:0:0:
320,192,23429,128,0,23669:0:0:0:0:
64,192,23669,1,0,0:0:0:0:
320,192,23789,1,0,0:0:0:0:
192,192,23789,128,0,24029:0:0:0:0:
64,192,23909,1,0,0:0:0:0:
448,192,23909,1,0,0:0:0:0:
320,192,24149,1,0,0:0:0:0:
448,192,24149,128,0,24389:0:0:0:0:
192,192,24269,1,0,0:0:0:0:
64,192,24389,1,0,0:0:0:0:
320,192,24389,128,0,24629:0:0:0:0:
192,192,24509,1,0,0:0:0:0:
448,192,24629,128,0,24869:0:0:0:0:
64,192,24749,1,0,0:0:0:0:
192,192,24869,128,0,25109:0:0:0:0:
64,192,24869,1,0,0:0:0:0:
320,192,24989,1,0,0:0:0:0:
448,192,24989,1,0,0:0:0:0:
64,192,25109,128,0,25349:0:0:0:0:
320,192,25229,1,0,0:0:0:0:
448,192,25349,128,0,25589:0:0:0:0:
192,192,25349,1,0,0:0:0:0:
192,192,25589,1,0,0:0:0:0:
320,192,25589,128,0,25829:0:0:0:0:
192,192,25829,128,0,26069:0:0:0:0:
64,192,25829,1,0,0:0:0:0:
448,192,26069,128,0,26309:0:0:0:0:
320,192,26189,128,0,26309:0:0:0:0:
64,192,26309,1,0,0:0:0:0:
192,192,26309,1,0,0:0:0:0:
320,192,26429,1,0,0:0:0:0:
448,192,26549,1,0,0:0:0:0:
64,192,26549,128,0,26789:0:0:0:0:
192,192,26669,128,0,26789:0:0:0:0:
448,192,26789,1,0,0:0:0:0:
320,192,26789,1,0,0:0:0:0:
192,192,26909,1,0,0:0:0:0:
320,192,27029,1,0,0:0:0:0:
448,192,27149,1,0,0:0:0:0:
64,192,27269,1,0,0:0:0:0:
192,192,27269,128,0,27509:0:0:0:0:
448,192,27509,128,0,27749:0:0:0:0:
320,192,27509,1,0,0:0:0:0:
64,192,27749,1,0,0:0:0:0:
192,192,27749,128,0,27989:0:0:0:0:
320,192,27989,128,0,28229:0:0:0:0:
64,192,28109,128,0,28229:0:0:0:0:
192,192,28229,1,0,0:0:0:0:
448,192,28229,1,0,0:0:0:0:
320,192,28349,1,0,0:0:0:0:
64,192,28469,128,0,28709:0:0:0:0:
192,192,28469,1,0,0:0:0:0:
320,192,28709,1,0,0:0:0:0:
448,192,28709,1,0,0:0:0:0:
192,192,28829,1,0,0:0:0:0:
448,192,28949,1,0,0:0:0:0:
64,192,29069,1,0,0:0:0:0:
320,192,29189,128,0,29429:0:0:0:0:
192,192,29189,1,0,0:0:0:0:
448,192,29429,1,0,0:0:0:0:
64,192,29429,128,0,29669:0:0:0:0:
320,192,29669,1,0,0:0:0:0:
192,192,29669,128,0,29909:0:0:0:0:
448,192,29909,128,0,30149:0:0:0:0:
64,192,30029,128,0,30149:0:0:0:0:
192,192,30149,1,0,0:0:0:0:
320,192,30149,1,0,0:0:0:0:
64,192,30269,1,0,0:0:0:0:
320,192,30389,128,0,30629:0:0:0:0:
448,192,30389,1,0,0:0:0:0:
192,192,30629,1,0,0:0:0:0:
64,192,30629,128,0,30869:0:0:0:0:
448,192,30749,1,0,0:0:0:0:
320,192,30869,128,0,31109:0:0:0:0:
192,192,30989,1,0,0:0:0:0:
448,192,31109,1,0,0:0:0:0:
64,192,31109,128,0,31349:0:0:0:0:
320,192,31349,1,0,0:0:0:0:
192,192,31469,1,0,0:0:0:0:
320,192,31589,1,0,0:0:0:0:
64,192,31589,1,0,0:0:0:0:
448,192,31589,1,0,0:0:0:0:
192,192,31829,1,0,0:0:0:0:
448,192,31949,1,0,0:0:0:0:
320,192,31949,1,0,0:0:0:0:
192,192,32069,1,0,0:0:0:0:
64,192,32069,1,0,0:0:0:0:
448,192,32309,1,0,0:0:0:0:
64,192,32309,1,0,0:0:0:0:
320,192,32549,1,0,0:0:0:0:
192,192,32549,1,0,0:0:0:0:
64,192,32669,1,0,0:0:0:0:
448,192,32669,1,0,0:0:0:0:
192,192,32789,1,0,0:0:0:0:
320,192,32909,1,0,0:0:0:0:
64,192,33029,1,0,0:0:0:0:
192,192,33029,1,0,0:0:0:0:
448,192,33029,1,0,0:0:0:0:
64,192,33269,128,0,33509:0:0:0:0:
320,192,33509,1,0,0:0:0:0:
448,192,33509,128,0,33749:0:0:0:0:
192,192,33629,128,0,33749:0:0:0:0:
64,192,33749,128,0,33989:0:0:0:0:
320,192,33989,1,0,0:0:0:0:
448,192,33989,128,0,34109:0:0:0:0:
192,192,34109,128,0,34229:0:0:0:0:
64,192,34229,128,0,34349:0:0:0:0:
320,192,34349,128,0,34469:0:0:0:0:
64,192,34469,1,0,0:0:0:0:
448,192,34469,1,0,0:0:0:0:
192,192,34469,128,0,34709:0:0:0:0:
320,192,34589,128,0,34709:0:0:0:0:
448,192,34709,128,0,34949:0:0:0:0:
192,192,34949,1,0,0:0:0:0:
64,192,34949,1,0,0:0:0:0:
320,192,35189,128,0,35429:0:0:0:0:
64,192,35429,1,0,0:0:0:0:
192,192,35429,128,0,35669:0:0:0:0:
448,192,35669,128,0,35909:0:0:0:0:
192,192,35909,1,0,0:0:0:0:
320,192,35909,128,0,36029:0:0:0:0:
64,192,36029,128,0,36149:0:0:0:0:
448,192,36149,128,0,36269:0:0:0:0:
320,192,36269,128,0,36389:0:0:0:0:
448,192,36389,1,0,0:0:0:0:
64,192,36389,1,0,0:0:0:0:
192,192,36389,128,0,36629:0:0:0:0:
320,192,36509,128,0,36629:0:0:0:0:
448,192,36629,128,0,36869:0:0:0:0:
320,192,36869,1,0,0:0:0:0:
64,192,36869,1,0,0:0:0:0:
192,192,37109,128,0,37229:0:0:0:0:
64,192,37229,128,0,37349:0:0:0:0:
448,192,37349,1,0,0:0:0:0:
320,192,37349,128,0,37469:0:0:0:0:
192,192,37469,128,0,37589:0:0:0:0:
448,192,37589,128,0,37709:0:0:0:0:
192,192,37709,128,0,37829:0:0:0:0:
320,192,37829,1,0,0:0:0:0:
64,192,37829,128,0,37949:0:0:0:0:
448,192,37949,128,0,38069:0:0:0:0:
192,192,38069,128,0,38309:0:0:0:0:
64,192,38309,1,0,0:0:0:0:
320,192,38309,1,0,0:0:0:0:
448,192,38309,1,0,0:0:0:0:
320,192,38549,128,0,38789:0:0:0:0:
448,192,38669,128,0,38789:0:0:0:0:
192,192,38789,1,0,0:0:0:0:
64,192,38789,128,0,38909:0:0:0:0:
320,192,38909,128,0,39029:0:0:0:0:
64,192,39029,128,0,39149:0:0:0:0:
448,192,39149,128,0,39269:0:0:0:0:
320,192,39269,1,0,0:0:0:0:
192,192,39269,128,0,39389:0:0:0:0:
64,192,39389,128,0,39509:0:0:0:0:
320,192,39509,128,0,39629:0:0:0:0:
192,192,39629,128,0,39749:0:0:0:0:
320,192,39749,1,0,0:0:0:0:
448,192,39749,128,0,39869:0:0:0:0:
64,192,39869,128,0,39989:0:0:0:0:
320,192,39989,128,0,40229:0:0:0:0:
448,192,40109,128,0,40229:0:0:0:0:
192,192,40229,128,0,40469:0:0:0:0:
64,192,40229,1,0,0:0:0:0:
448,192,40349,1,0,0:0:0:0:
64,192,40469,128,0,40709:0:0:0:0:
320,192,40589,1,0,0:0:0:0:
192,192,40709,1,0,0:0:0:0:
448,192,40709,1,0,0:0:0:0:
320,192,40949,128,0,41189:0:0:0:0:
448,192,41189,1,0,0:0:0:0:
64,192,41189,128,0,41429:0:0:0:0:
448,192,41429,128,0,41549:0:0:0:0:
192,192,41549,128,0,41669:0:0:0:0:
448,192,41669,1,0,0:0:0:0:
320,192,41669,1,0,0:0:0:0:
64,192,41789,128,0,41909:0:0:0:0:
320,192,41909,128,0,42029:0:0:0:0:
192,192,42029,128,0,42149:0:0:0:0:
320,192,42149,1,0,0:0:0:0:
448,192,42149,128,0,42269:0:0:0:0:
64,192,42149,1,0,0:0:0:0:
192,192,42269,128,0,42389:0:0:0:0:
320,192,42389,128,0,42629:0:0:0:0:
192,192,42629,1,0,0:0:0:0:
64,192,42629,1,0,0:0:0:0:
448,192,42869,128,0,43109:0:0:0:0:
192,192,43109,1,0,0:0:0:0:
64,192,43109,128,0,43229:0:0:0:0:
320,192,43229,128,0,43349:0:0:0:0:
448,192,43349,128,0,43469:0:0:0:0:
192,192,43469,128,0,43589:0:0:0:0:
320,192,43589,1,0,0:0:0:0:
448,192,43589,128,0,43709:0:0:0:0:
64,192,43709,128,0,43829:0:0:0:0:
320,192,43829,128,0,43949:0:0:0:0:
64,192,43949,128,0,44069:0:0:0:0:
192,192,44069,128,0,44309:0:0:0:0:
320,192,44069,1,0,0:0:0:0:
448,192,44069,1,0,0:0:0:0:
448,192,44309,128,0,44549:0:0:0:0:
192,192,44549,1,0,0:0:0:0:
320,192,44549,1,0,0:0:0:0:
64,192,44669,1,0,0:0:0:0:
448,192,44789,1,0,0:0:0:0:
320,192,44909,1,0,0:0:0:0:
448,192,45029,1,0,0:0:0:0:
64,192,45029,1,0,0:0:0:0:
192,192,45149,1,0,0:0:0:0:
320,192,45269,1,0,0:0:0:0:
64,192,45389,1,0,0:0:0:0:
320,192,45509,1,0,0:0:0:0:
192,192,45509,1,0,0:0:0:0:
448,192,45629,1,0,0:0:0:0:
64,192,45749,1,0,0:0:0:0:
320,192,45869,1,0,0:0:0:0:
192,192,45989,1,0,0:0:0:0:
448,192,45989,1,0,0:0:0:0:
64,192,45989,1,0,0:0:0:0:
320,192,46109,1,0,0:0:0:0:
192,192,46229,1,0,0:0:0:0:
64,192,46349,1,0,0:0:0:0:
320,192,46469,1,0,0:0:0:0:
448,192,46469,128,0,46709:0:0:0:0:
64,192,46589,128,0,46709:0:0:0:0:
192,192,46709,128,0,46829:0:0:0:0:
320,192,46829,128,0,46949:0:0:0:0:
64,192,46949,1,0,0:0:0:0:
192,192,46949,128,0,47189:0:0:0:0:
448,192,47069,128,0,47189:0:0:0:0:
64,192,47189,128,0,47309:0:0:0:0:
320,192,47189,128,0,47429:0:0:0:0:
64,192,47429,1,0,0:0:0:0:
192,192,47429,1,0,0:0:0:0:
448,192,47429,1,0,0:0:0:0:
448,192,47669,1,0,0:0:0:0:
320,192,47669,1,0,0:0:0:0:
64,192,47669,1,0,0:0:0:0:
320,192,47909,1,0,0:0:0:0:
192,192,47909,1,0,0:0:0:0:
448,192,47909,1,0,0:0:0:0:
64,192,48029,1,0,0:0:0:0:
192,192,48149,1,0,0:0:0:0:
320,192,48269,1,0,0:0:0:0:
64,192,48389,128,0,49349:0:0:0:0:
448,192,48389,1,0,0:0:0:0:
192,192,48389,1,0,0:0:0:0:
320,192,48629,1,0,0:0:0:0:
320,192,48869,1,0,0:0:0:0:
448,192,48869,1,0,0:0:0:0:
192,192,49109,1,0,0:0:0:0:
448,192,49349,1,0,0:0:0:0:
192,192,49349,1,0,0:0:0:0:
320,192,49589,128,0,49829:0:0:0:0:
64,192,49589,1,0,0:0:0:0:
192,192,49829,1,0,0:0:0:0:
64,192,49829,1,0,0:0:0:0:
448,192,49829,128,0,50069:0:0:0:0:
320,192,50069,128,0,51269:0:0:0:0:
192,192,50309,1,0,0:0:0:0:
64,192,50309,1,0,0:0:0:0:
448,192,50549,1,0,0:0:0:0:
448,192,50789,1,0,0:0:0:0:
192,192,50789,1,0,0:0:0:0:
64,192,51029,1,0,0:0:0:0:
192,192,51269,1,0,0:0:0:0:
64,192,51269,1,0,0:0:0:0:
320,192,51509,1,0,0:0:0:0:
448,192,51509,128,0,51749:0:0:0:0:
192,192,51749,128,0,51989:0:0:0:0:
64,192,51749,1,0,0:0:0:0:
320,192,51749,1,0,0:0:0:0:
448,192,51989,128,0,53189:0:0:0:0:
192,192,52229,1,0,0:0:0:0:
320,192,52229,1,0,0:0:0:0:
64,192,52469,1,0,0:0:0:0:
64,192,52709,1,0,0:0:0:0:
320,192,52709,1,0,0:0:0:0:
320,192,52949,1,0,0:0:0:0:
192,192,53189,1,0,0:0:0:0:
64,192,53189,1,0,0:0:0:0:
448,192,53429,1,0,0:0:0:0:
320,192,53429,128,0,53669:0:0:0:0:
64,192,53669,128,0,53909:0:0:0:0:
448,192,53669,1,0,0:0:0:0:
192,192,53669,1,0,0:0:0:0:
320,192,53909,128,0,54149:0:0:0:0:
192,192,54149,1,0,0:0:0:0:
448,192,54149,128,0,54389:0:0:0:0:
64,192,54389,1,0,0:0:0:0:
192,192,54509,128,0,54749:0:0:0:0:
320,192,54629,1,0,0:0:0:0:
448,192,54629,1,0,0:0:0:0:
320,192,54869,128,0,55109:0:0:0:0:
64,192,55109,1,0,0:0:0:0:
192,192,55109,1,0,0:0:0:0:
448,192,55349,128,0,55589:0:0:0:0:
320,192,55589,1,0,0:0:0:0:
64,192,55589,128,0,55829:0:0:0:0:
192,192,55589,1,0,0:0:0:0:
448,192,55709,1,0,0:0:0:0:
320,192,55829,1,0,0:0:0:0:
192,192,55949,1,0,0:0:0:0:
448,192,56069,128,0,56309:0:0:0:0:
320,192,56069,1,0,0:0:0:0:
64,192,56069,1,0,0:0:0:0:
64,192,56309,128,0,56429:0:0:0:0:
320,192,56429,128,0,56549:0:0:0:0:
448,192,56549,1,0,0:0:0:0:
192,192,56549,128,0,56669:0:0:0:0:
320,192,56669,128,0,56789:0:0:0:0:
64,192,56789,128,0,56909:0:0:0:0:
192,192,56909,128,0,57029:0:0:0:0:
448,192,57029,1,0,0:0:0:0:
320,192,57029,128,0,57269:0:0:0:0:
192,192,57269,128,0,57389:0:0:0:0:
64,192,57269,128,0,57509:0:0:0:0:
448,192,57509,1,0,0:0:0:0:
320,192,57509,1,0,0:0:0:0:
192,192,57629,1,0,0:0:0:0:
64,192,57749,128,0,57989:0:0:0:0:
448,192,57989,128,0,58349:0:0:0:0:
320,192,57989,1,0,0:0:0:0:
192,192,58109,128,0,58229:0:0:0:0:
320,192,58229,128,0,58349:0:0:0:0:
64,192,58349,128,0,58469:0:0:0:0:
448,192,58469,1,0,0:0:0:0:
192,192,58469,128,0,58709:0:0:0:0:
320,192,58709,128,0,58949:0:0:0:0:
64,192,58829,128,0,58949:0:0:0:0:
448,192,58949,128,0,59189:0:0:0:0:
192,192,58949,1,0,0:0:0:0:
320,192,59189,1,0,0:0:0:0:
64,192,59309,128,0,59549:0:0:0:0:
320,192,59429,1,0,0:0:0:0:
192,192,59429,1,0,0:0:0:0:
448,192,59669,128,0,60149:0:0:0:0:
320,192,59909,128,0,60149:0:0:0:0:
192,192,59909,128,0,60389:0:0:0:0:
64,192,59909,1,0,0:0:0:0:
64,192,60269,1,0,0:0:0:0:
320,192,60389,1,0,0:0:0:0:
448,192,60389,1,0,0:0:0:0:
448,192,60509,1,0,0:0:0:0:
192,192,60629,128,0,60989:0:0:0:0:
64,192,60629,128,0,60989:0:0:0:0:
448,192,60989,1,0,0:0:0:0:
64,192,61109,128,0,61229:0:0:0:0:
320,192,61109,128,0,61349:0:0:0:0:
448,192,61349,1,0,0:0:0:0:
192,192,61349,1,0,0:0:0:0:
64,192,61349,1,0,0:0:0:0:
320,192,61469,1,0,0:0:0:0:
64,192,61589,1,0,0:0:0:0:
448,192,61709,1,0,0:0:0:0:
320,192,61829,1,0,0:0:0:0:
192,192,61829,128,0,61949:0:0:0:0:
64,192,61829,128,0,61949:0:0:0:0:
192,192,62069,1,0,0:0:0:0:
64,192,62189,1,0,0:0:0:0:
448,192,62189,128,0,62309:0:0:0:0:
320,192,62189,128,0,62309:0:0:0:0:
320,192,62429,1,0,0:0:0:0:
192,192,62549,128,0,62669:0:0:0:0:
448,192,62549,1,0,0:0:0:0:
64,192,62549,128,0,62669:0:0:0:0:
320,192,62789,1,0,0:0:0:0:
64,192,62909,1,0,0:0:0:0:
192,192,62909,1,0,0:0:0:0:
320,192,63029,1,0,0:0:0:0:
448,192,63029,1,0,0:0:0:0:
64,192,63149,1,0,0:0:0:0:
192,192,63269,1,0,0:0:0:0:
448,192,63269,1,0,0:0:0:0:
320,192,63389,1,0,0:0:0:0:
64,192,63509,1,0,0:0:0:0:
192,192,63629,1,0,0:0:0:0:
448,192,63749,128,0,63869:0:0:0:0:
64,192,63749,1,0,0:0:0:0:
320,192,63749,128,0,63869:0:0:0:0:
192,192,63989,128,0,64229:0:0:0:0:
64,192,64109,128,0,64229:0:0:0:0:
320,192,64229,1,0,0:0:0:0:
448,192,64229,1,0,0:0:0:0:
192,192,64349,128,0,64469:0:0:0:0:
320,192,64469,128,0,64589:0:0:0:0:
448,192,64589,128,0,64949:0:0:0:0:
192,192,64709,128,0,64829:0:0:0:0:
64,192,64709,128,0,64829:0:0:0:0:
320,192,64949,128,0,65189:0:0:0:0:
192,192,65069,128,0,65189:0:0:0:0:
64,192,65189,1,0,0:0:0:0:
448,192,65189,1,0,0:0:0:0:
320,192,65309,128,0,65549:0:0:0:0:
64,192,65429,128,0,65549:0:0:0:0:
192,192,65669,128,0,65909:0:0:0:0:
448,192,65669,1,0,0:0:0:0:
320,192,65789,128,0,65909:0:0:0:0:
64,192,65909,128,0,66149:0:0:0:0:
192,192,66149,1,0,0:0:0:0:
320,192,66149,128,0,66389:0:0:0:0:
192,192,66389,128,0,66629:0:0:0:0:
448,192,66509,128,0,66629:0:0:0:0:
320,192,66629,1,0,0:0:0:0:
64,192,66629,1,0,0:0:0:0:
192,192,66749,1,0,0:0:0:0:
64,192,66869,128,0,66989:0:0:0:0:
448,192,66869,128,0,67109:0:0:0:0:
192,192,67109,1,0,0:0:0:0:
320,192,67109,128,0,67349:0:0:0:0:
64,192,67349,128,0,67589:0:0:0:0:
192,192,67469,128,0,67589:0:0:0:0:
320,192,67589,1,0,0:0:0:0:
448,192,67589,128,0,67829:0:0:0:0:
192,192,67709,128,0,67829:0:0:0:0:
64,192,67829,128,0,67949:0:0:0:0:
320,192,67949,128,0,68069:0:0:0:0:
192,192,68069,128,0,68309:0:0:0:0:
64,192,68069,1,0,0:0:0:0:
320,192,68189,128,0,68309:0:0:0:0:
448,192,68309,128,0,68429:0:0:0:0:
64,192,68429,128,0,68549:0:0:0:0:
320,192,68549,128,0,68669:0:0:0:0:
448,192,68549,1,0,0:0:0:0:
192,192,68669,1,0,0:0:0:0:
64,192,68789,128,0,69029:0:0:0:0:
320,192,68909,128,0,69029:0:0:0:0:
448,192,69029,128,0,69269:0:0:0:0:
192,192,69029,1,0,0:0:0:0:
64,192,69269,128,0,69509:0:0:0:0:
192,192,69509,128,0,69629:0:0:0:0:
448,192,69509,128,0,69629:0:0:0:0:
320,192,69509,128,0,69749:0:0:0:0:
192,192,69749,128,0,69989:0:0:0:0:
64,192,69749,128,0,69989:0:0:0:0:
448,192,69989,1,0,0:0:0:0:
320,192,69989,1,0,0:0:0:0:
320,192,70109,1,0,0:0:0:0:
448,192,70109,1,0,0:0:0:0:
192,192,70229,1,0,0:0:0:0:
64,192,70229,1,0,0:0:0:0:
448,192,70349,128,0,70589:0:0:0:0:
320,192,70349,128,0,70469:0:0:0:0:
192,192,70469,128,0,70709:0:0:0:0:
320,192,70709,1,0,0:0:0:0:
448,192,70709,1,0,0:0:0:0:
64,192,70709,128,0,70949:0:0:0:0:
448,192,70949,1,0,0:0:0:0:
192,192,70949,128,0,71189:0:0:0:0:
320,192,71069,1,0,0:0:0:0:
64,192,71189,1,0,0:0:0:0:
448,192,71189,128,0,71429:0:0:0:0:
192,192,71309,1,0,0:0:0:0:
320,192,71429,128,0,71669:0:0:0:0:
64,192,71429,128,0,71549:0:0:0:0:
192,192,71669,128,0,71909:0:0:0:0:
64,192,71789,128,0,71909:0:0:0:0:
320,192,71909,1,0,0:0:0:0:
448,192,71909,1,0,0:0:0:0:
192,192,72029,128,0,72149:0:0:0:0:
448,192,72149,128,0,72389:0:0:0:0:
320,192,72269,128,0,72389:0:0:0:0:
64,192,72389,128,0,72629:0:0:0:0:
192,192,72389,128,0,72509:0:0:0:0:
320,192,72629,128,0,72869:0:0:0:0:
192,192,72749,128,0,72869:0:0:0:0:
448,192,72869,1,0,0:0:0:0:
64,192,72869,1,0,0:0:0:0:
320,192,72989,128,0,73109:0:0:0:0:
192,192,73109,128,0,73349:0:0:0:0:
448,192,73349,128,0,73589:0:0:0:0:
64,192,73349,1,0,0:0:0:0:
192,192,73589,128,0,73829:0:0:0:0:
320,192,73829,128,0,74069:0:0:0:0:
64,192,73829,1,0,0:0:0:0:
64,192,74069,128,0,74309:0:0:0:0:
448,192,74189,128,0,74309:0:0:0:0:
192,192,74309,1,0,0:0:0:0:
320,192,74429,1,0,0:0:0:0:
448,192,74429,1,0,0:0:0:0:
64,192,74549,128,0,74789:0:0:0:0:
192,192,74549,1,0,0:0:0:0:
320,192,74669,1,0,0:0:0:0:
448,192,74789,1,0,0:0:0:0:
192,192,74909,1,0,0:0:0:0:
64,192,74909,1,0,0:0:0:0:
448,192,75029,1,0,0:0:0:0:
320,192,75029,1,0,0:0:0:0:
192,192,75149,1,0,0:0:0:0:
448,192,75269,1,0,0:0:0:0:
320,192,75269,1,0,0:0:0:0:
64,192,75269,1,0,0:0:0:0:
448,192,75509,128,0,75749:0:0:0:0:
320,192,75509,128,0,75749:0:0:0:0:
64,192,75509,128,0,75749:0:0:0:0:
64,192,76229,1,0,0:0:0:0:
192,192,76229,1,0,0:0:0:0:
320,192,76229,1,0,0:0:0:0:
320,192,76469,128,0,76709:0:0:0:0:
64,192,76469,128,0,76709:0:0:0:0:
192,192,76469,128,0,76709:0:0:0:0:
320,192,76949,1,0,0:0:0:0:
192,192,77069,1,0,0:0:0:0:
320,192,77189,128,0,77429:0:0:0:0:
448,192,77189,1,0,0:0:0:0:
192,192,77189,1,0,0:0:0:0:
448,192,77429,1,0,0:0:0:0:
64,192,77429,128,0,77669:0:0:0:0:
192,192,77669,128,0,77909:0:0:0:0:
320,192,77669,1,0,0:0:0:0:
448,192,77909,128,0,78149:0:0:0:0:
64,192,78029,128,0,78149:0:0:0:0:
320,192,78149,1,0,0:0:0:0:
192,192,78149,1,0,0:0:0:0:
448,192,78389,1,0,0:0:0:0:
192,192,78389,128,0,78629:0:0:0:0:
64,192,78509,128,0,78629:0:0:0:0:
448,192,78629,1,0,0:0:0:0:
320,192,78629,1,0,0:0:0:0:
192,192,78749,1,0,0:0:0:0:
64,192,78869,1,0,0:0:0:0:
448,192,78989,1,0,0:0:0:0:
320,192,79109,128,0,79349:0:0:0:0:
192,192,79109,1,0,0:0:0:0:
448,192,79349,1,0,0:0:0:0:
64,192,79349,128,0,79589:0:0:0:0:
320,192,79589,1,0,0:0:0:0:
192,192,79589,128,0,79829:0:0:0:0:
448,192,79829,128,0,80069:0:0:0:0:
64,192,79949,128,0,80069:0:0:0:0:
320,192,80069,1,0,0:0:0:0:
192,192,80069,1,0,0:0:0:0:
64,192,80189,1,0,0:0:0:0:
320,192,80309,1,0,0:0:0:0:
448,192,80309,128,0,80549:0:0:0:0:
192,192,80549,1,0,0:0:0:0:
64,192,80549,1,0,0:0:0:0:
320,192,80669,1,0,0:0:0:0:
192,192,80789,1,0,0:0:0:0:
448,192,80909,1,0,0:0:0:0:
320,192,81029,1,0,0:0:0:0:
64,192,81029,128,0,81269:0:0:0:0:
192,192,81269,1,0,0:0:0:0:
320,192,81269,128,0,81509:0:0:0:0:
64,192,81509,1,0,0:0:0:0:
448,192,81509,128,0,81749:0:0:0:0:
192,192,81749,128,0,81989:0:0:0:0:
320,192,81869,128,0,81989:0:0:0:0:
448,192,81989,1,0,0:0:0:0:
64,192,81989,1,0,0:0:0:0:
192,192,82109,1,0,0:0:0:0:
448,192,82229,1,0,0:0:0:0:
320,192,82229,128,0,82469:0:0:0:0:
192,192,82469,1,0,0:0:0:0:
64,192,82469,128,0,82709:0:0:0:0:
448,192,82589,1,0,0:0:0:0:
192,192,82709,1,0,0:0:0:0:
320,192,82709,128,0,82949:0:0:0:0:
64,192,82949,1,0,0:0:0:0:
448,192,82949,128,0,83189:0:0:0:0:
192,192,83189,1,0,0:0:0:0:
64,192,83309,128,0,83549:0:0:0:0:
448,192,83429,1,0,0:0:0:0:
320,192,83429,1,0,0:0:0:0:
320,192,83669,128,0,83909:0:0:0:0:
192,192,83669,1,0,0:0:0:0:
64,192,83789,1,0,0:0:0:0:
448,192,83909,1,0,0:0:0:0:
192,192,83909,128,0,84149:0:0:0:0:
320,192,84029,1,0,0:0:0:0:
64,192,84149,128,0,84389:0:0:0:0:
448,192,84269,1,0,0:0:0:0:
448,192,84389,1,0,0:0:0:0:
320,192,84389,128,0,84629:0:0:0:0:
64,192,84509,1,0,0:0:0:0:
192,192,84509,1,0,0:0:0:0:
448,192,84629,128,0,84869:0:0:0:0:
192,192,84749,1,0,0:0:0:0:
320,192,84869,128,0,85109:0:0:0:0:
64,192,84869,1,0,0:0:0:0:
448,192,85109,128,0,85229:0:0:0:0:
64,192,85229,128,0,85349:0:0:0:0:
192,192,85349,1,0,0:0:0:0:
320,192,85349,128,0,85469:0:0:0:0:
64,192,85469,128,0,85589:0:0:0:0:
320,192,85589,1,0,0:0:0:0:
448,192,85589,128,0,85709:0:0:0:0:
192,192,85709,128,0,86069:0:0:0:0:
448,192,85829,1,0,0:0:0:0:
64,192,85829,1,0,0:0:0:0:
320,192,86069,128,0,86189:0:0:0:0:
448,192,86189,128,0,86309:0:0:0:0:
320,192,86309,128,0,86429:0:0:0:0:
64,192,86309,1,0,0:0:0:0:
192,192,86429,128,0,86549:0:0:0:0:
448,192,86549,128,0,86669:0:0:0:0:
64,192,86549,1,0,0:0:0:0:
320,192,86669,128,0,86789:0:0:0:0:
448,192,86789,1,0,0:0:0:0:
192,192,86789,128,0,87029:0:0:0:0:
64,192,87029,128,0,87269:0:0:0:0:
320,192,87029,1,0,0:0:0:0:
448,192,87269,128,0,87509:0:0:0:0:
192,192,87269,1,0,0:0:0:0:
192,192,87509,128,0,87629:0:0:0:0:
320,192,87629,128,0,87989:0:0:0:0:
448,192,87749,1,0,0:0:0:0:
64,192,87749,1,0,0:0:0:0:
192,192,87989,128,0,88109:0:0:0:0:
448,192,88229,1,0,0:0:0:0:
64,192,88229,128,0,88349:0:0:0:0:
320,192,88349,1,0,0:0:0:0:
448,192,88469,128,0,88589:0:0:0:0:
192,192,88589,1,0,0:0:0:0:
320,192,88709,128,0,88829:0:0:0:0:
64,192,88709,128,0,88949:0:0:0:0:
192,192,88949,128,0,89069:0:0:0:0:
448,192,88949,128,0,89189:0:0:0:0:
192,192,89189,128,0,89429:0:0:0:0:
320,192,89189,1,0,0:0:0:0:
64,192,89309,128,0,89429:0:0:0:0:
448,192,89429,128,0,89669:0:0:0:0:
320,192,89549,128,0,89669:0:0:0:0:
192,192,89669,128,0,89909:0:0:0:0:
64,192,89669,1,0,0:0:0:0:
448,192,89789,128,0,89909:0:0:0:0:
320,192,89909,1,0,0:0:0:0:
64,192,89909,128,0,90029:0:0:0:0:
448,192,90029,128,0,90149:0:0:0:0:
64,192,90149,1,0,0:0:0:0:
192,192,90149,128,0,90269:0:0:0:0:
320,192,90269,128,0,90389:0:0:0:0:
192,192,90389,128,0,90629:0:0:0:0:
64,192,90509,128,0,90629:0:0:0:0:
448,192,90629,128,0,91109:0:0:0:0:
320,192,90629,128,0,90869:0:0:0:0:
64,192,90869,1,0,0:0:0:0:
64,192,91109,1,0,0:0:0:0:
192,192,91109,1,0,0:0:0:0:
320,192,91109,1,0,0:0:0:0:
192,192,91349,1,0,0:0:0:0:
448,192,91469,1,0,0:0:0:0:
320,192,91469,1,0,0:0:0:0:
64,192,91589,1,0,0:0:0:0:
192,192,91589,1,0,0:0:0:0:
320,192,91829,1,0,0:0:0:0:
448,192,91829,1,0,0:0:0:0:
192,192,91949,1,0,0:0:0:0:
320,192,92069,1,0,0:0:0:0:
64,192,92069,1,0,0:0:0:0:
448,192,92189,1,0,0:0:0:0:
192,192,92309,1,0,0:0:0:0:
320,192,92429,1,0,0:0:0:0:
448,192,92549,1,0,0:0:0:0:
192,192,92549,1,0,0:0:0:0:
64,192,92549,1,0,0:0:0:0:
320,192,92789,128,0,93029:0:0:0:0:
192,192,93029,1,0,0:0:0:0:
64,192,93029,128,0,93149:0:0:0:0:
448,192,93149,128,0,93269:0:0:0:0:
192,192,93269,128,0,93509:0:0:0:0:
64,192,93509,1,0,0:0:0:0:
448,192,93509,128,0,93629:0:0:0:0:
320,192,93629,128,0,93749:0:0:0:0:
64,192,93749,128,0,93869:0:0:0:0:
192,192,93869,128,0,93989:0:0:0:0:
320,192,93989,128,0,94109:0:0:0:0:
448,192,93989,1,0,0:0:0:0:
64,192,94109,128,0,94229:0:0:0:0:
192,192,94229,1,0,0:0:0:0:
320,192,94349,1,0,0:0:0:0:
448,192,94409,1,0,0:0:0:0:
192,192,94469,1,0,0:0:0:0:
64,192,94469,1,0,0:0:0:0:
320,192,94709,128,0,94949:0:0:0:0:
448,192,94949,1,0,0:0:0:0:
64,192,94949,128,0,95069:0:0:0:0:
192,192,95069,128,0,95189:0:0:0:0:
64,192,95189,128,0,95309:0:0:0:0:
448,192,95309,128,0,95429:0:0:0:0:
192,192,95429,1,0,0:0:0:0:
320,192,95429,128,0,95549:0:0:0:0:
448,192,95549,128,0,95669:0:0:0:0:
192,192,95669,128,0,95789:0:0:0:0:
320,192,95789,128,0,95909:0:0:0:0:
448,192,95909,1,0,0:0:0:0:
64,192,95909,128,0,96029:0:0:0:0:
192,192,96029,128,0,96149:0:0:0:0:
448,192,96149,128,0,96269:0:0:0:0:
192,192,96269,1,0,0:0:0:0:
64,192,96269,1,0,0:0:0:0:
320,192,96389,1,0,0:0:0:0:
448,192,96389,1,0,0:0:0:0:
64,192,96629,128,0,96749:0:0:0:0:
320,192,96749,128,0,96869:0:0:0:0:
448,192,96869,1,0,0:0:0:0:
192,192,96869,128,0,96989:0:0:0:0:
64,192,96989,128,0,97229:0:0:0:0:
320,192,97109,128,0,97229:0:0:0:0:
448,192,97229,128,0,97349:0:0:0:0:
192,192,97349,1,0,0:0:0:0:
320,192,97349,128,0,97589:0:0:0:0:
64,192,97589,128,0,97829:0:0:0:0:
448,192,97709,1,0,0:0:0:0:
192,192,97829,1,0,0:0:0:0:
320,192,97829,1,0,0:0:0:0:
448,192,97949,128,0,98069:0:0:0:0:
192,192,98069,1,0,0:0:0:0:
320,192,98149,1,0,0:0:0:0:
64,192,98229,1,0,0:0:0:0:
192,192,98309,1,0,0:0:0:0:
448,192,98309,1,0,0:0:0:0:
320,192,98429,1,0,0:0:0:0:
64,192,98549,1,0,0:0:0:0:
448,192,98669,1,0,0:0:0:0:
192,192,98789,1,0,0:0:0:0:
320,192,98909,1,0,0:0:0:0:
448,192,99029,1,0,0:0:0:0:
64,192,99149,1,0,0:0:0:0:
192,192,99389,1,0,0:0:0:0:
64,192,99509,128,0,99749:0:0:0:0:
448,192,99629,1,0,0:0:0:0:
320,192,99749,1,0,0:0:0:0:
448,192,99869,1,0,0:0:0:0:
64,192,99989,1,0,0:0:0:0:
192,192,99989,1,0,0:0:0:0:
320,192,100109,1,0,0:0:0:0:
64,192,100229,1,0,0:0:0:0:
448,192,100229,1,0,0:0:0:0:
192,192,100229,1,0,0:0:0:0:
448,192,100469,128,0,100709:0:0:0:0:
320,192,100469,128,0,100709:0:0:0:0:
192,192,100709,1,0,0:0:0:0:
64,192,100709,128,0,100829:0:0:0:0:
448,192,100829,128,0,100949:0:0:0:0:
320,192,100949,128,0,101069:0:0:0:0:
192,192,101069,128,0,101189:0:0:0:0:
320,192,101189,1,0,0:0:0:0:
448,192,101189,128,0,101309:0:0:0:0:
64,192,101309,128,0,101429:0:0:0:0:
192,192,101429,128,0,101549:0:0:0:0:
320,192,101549,128,0,101669:0:0:0:0:
192,192,101669,1,0,0:0:0:0:
448,192,101669,1,0,0:0:0:0:
64,192,101669,128,0,101789:0:0:0:0:
320,192,101789,1,0,0:0:0:0:
448,192,101909,128,0,102149:0:0:0:0:
192,192,102029,1,0,0:0:0:0:
64,192,102149,1,0,0:0:0:0:
320,192,102149,1,0,0:0:0:0:
192,192,102389,128,0,102509:0:0:0:0:
448,192,102509,128,0,102629:0:0:0:0:
192,192,102629,128,0,102749:0:0:0:0:
64,192,102629,1,0,0:0:0:0:
320,192,102629,1,0,0:0:0:0:
448,192,102749,128,0,102869:0:0:0:0:
64,192,102869,128,0,102989:0:0:0:0:
320,192,102989,1,0,0:0:0:0:
448,192,103109,1,0,0:0:0:0:
192,192,103109,128,0,103229:0:0:0:0:
64,192,103229,128,0,103349:0:0:0:0:
320,192,103349,128,0,103469:0:0:0:0:
448,192,103469,128,0,103589:0:0:0:0:
192,192,103589,128,0,103709:0:0:0:0:
320,192,103589,1,0,0:0:0:0:
64,192,103589,1,0,0:0:0:0:
448,192,103709,128,0,103829:0:0:0:0:
64,192,103829,128,0,103949:0:0:0:0:
320,192,103829,128,0,104069:0:0:0:0:
64,192,104069,1,0,0:0:0:0:
192,192,104069,1,0,0:0:0:0:
320,192,104189,1,0,0:0:0:0:
448,192,104309,1,0,0:0:0:0:
192,192,104429,1,0,0:0:0:0:
448,192,104549,1,0,0:0:0:0:
320,192,104549,1,0,0:0:0:0:
64,192,104549,1,0,0:0:0:0:
192,192,104669,1,0,0:0:0:0:
320,192,104789,1,0,0:0:0:0:
64,192,104909,1,0,0:0:0:0:
448,192,105029,1,0,0:0:0:0:
192,192,105029,1,0,0:0:0:0:
320,192,105149,1,0,0:0:0:0:
64,192,105269,1,0,0:0:0:0:
448,192,105389,1,0,0:0:0:0:
192,192,105509,1,0,0:0:0:0:
64,192,105509,1,0,0:0:0:0:
320,192,105509,1,0,0:0:0:0:
448,192,105629,1,0,0:0:0:0:
192,192,105749,128,0,105989:0:0:0:0:
320,192,105749,128,0,105869:0:0:0:0:
448,192,105989,1,0,0:0:0:0:
64,192,105989,128,0,106109:0:0:0:0:
320,192,106109,128,0,106229:0:0:0:0:
192,192,106229,128,0,106349:0:0:0:0:
64,192,106349,128,0,106469:0:0:0:0:
448,192,106469,1,0,0:0:0:0:
192,192,106469,1,0,0:0:0:0:
320,192,106469,128,0,106589:0:0:0:0:
64,192,106589,128,0,106709:0:0:0:0:
448,192,106709,128,0,106829:0:0:0:0:
192,192,106829,128,0,106949:0:0:0:0:
320,192,106949,1,0,0:0:0:0:
64,192,106949,1,0,0:0:0:0:
192,192,107069,1,0,0:0:0:0:
320,192,107189,1,0,0:0:0:0:
448,192,107189,1,0,0:0:0:0:
64,192,107189,1,0,0:0:0:0:
192,192,107309,1,0,0:0:0:0:
320,192,107429,1,0,0:0:0:0:
448,192,107429,1,0,0:0:0:0:
64,192,107549,1,0,0:0:0:0:
192,192,107669,1,0,0:0:0:0:
320,192,107789,1,0,0:0:0:0:
448,192,107909,128,0,109349:0:0:0:0:
192,192,107909,1,0,0:0:0:0:
64,192,107909,1,0,0:0:0:0:
64,192,108149,1,0,0:0:0:0:
192,192,108389,1,0,0:0:0:0:
320,192,108389,1,0,0:0:0:0:
64,192,108389,1,0,0:0:0:0:
192,192,108629,1,0,0:0:0:0:
64,192,108869,1,0,0:0:0:0:
320,192,108869,1,0,0:0:0:0:
192,192,108989,1,0,0:0:0:0:
64,192,109109,1,0,0:0:0:0:
64,192,109349,1,0,0:0:0:0:
320,192,109349,1,0,0:0:0:0:
192,192,109349,128,0,109589:0:0:0:0:
320,192,109589,128,0,110549:0:0:0:0:
64,192,109709,1,0,0:0:0:0:
448,192,109829,128,0,110069:0:0:0:0:
192,192,109829,1,0,0:0:0:0:
64,192,110069,128,0,110309:0:0:0:0:
192,192,110309,1,0,0:0:0:0:
448,192,110309,128,0,110549:0:0:0:0:
192,192,110549,128,0,110789:0:0:0:0:
64,192,110549,128,0,111029:0:0:0:0:
448,192,110789,1,0,0:0:0:0:
320,192,110789,1,0,0:0:0:0:
192,192,111029,128,0,111269:0:0:0:0:
448,192,111029,128,0,111149:0:0:0:0:
448,192,111269,1,0,0:0:0:0:
64,192,111269,1,0,0:0:0:0:
320,192,111269,128,0,111509:0:0:0:0:
64,192,111509,128,0,111989:0:0:0:0:
192,192,111629,1,0,0:0:0:0:
320,192,111749,1,0,0:0:0:0:
448,192,111749,1,0,0:0:0:0:
320,192,111989,128,0,112229:0:0:0:0:
192,192,111989,128,0,112229:0:0:0:0:
64,192,112229,1,0,0:0:0:0:
448,192,112229,1,0,0:0:0:0:
192,192,112349,1,0,0:0:0:0:
64,192,112469,128,0,112709:0:0:0:0:
448,192,112469,128,0,112589:0:0:0:0:
320,192,112589,1,0,0:0:0:0:
448,192,112709,1,0,0:0:0:0:
192,192,112709,1,0,0:0:0:0:
320,192,112949,128,0,113189:0:0:0:0:
192,192,113189,128,0,113429:0:0:0:0:
64,192,113189,1,0,0:0:0:0:
448,192,113189,1,0,0:0:0:0:
448,192,113429,128,0,113669:0:0:0:0:
64,192,113669,1,0,0:0:0:0:
320,192,113669,128,0,113909:0:0:0:0:
448,192,113909,1,0,0:0:0:0:
64,192,114029,128,0,114269:0:0:0:0:
192,192,114149,1,0,0:0:0:0:
448,192,114149,1,0,0:0:0:0:
320,192,114269,128,0,114389:0:0:0:0:
448,192,114389,128,0,114629:0:0:0:0:
192,192,114509,1,0,0:0:0:0:
320,192,114629,128,0,114749:0:0:0:0:
64,192,114629,128,0,114869:0:0:0:0:
192,192,114869,128,0,114989:0:0:0:0:
448,192,114869,128,0,115109:0:0:0:0:
320,192,115109,1,0,0:0:0:0:
64,192,115109,1,0,0:0:0:0:
192,192,115109,128,0,115349:0:0:0:0:
448,192,115229,1,0,0:0:0:0:
64,192,115349,128,0,115589:0:0:0:0:
320,192,115469,1,0,0:0:0:0:
448,192,115589,128,0,115829:0:0:0:0:
192,192,115589,1,0,0:0:0:0:
64,192,115829,128,0,115949:0:0:0:0:
320,192,115949,128,0,116069:0:0:0:0:
448,192,116069,1,0,0:0:0:0:
64,192,116069,1,0,0:0:0:0:
192,192,116069,128,0,116189:0:0:0:0:
320,192,116309,128,0,116429:0:0:0:0:
64,192,116429,128,0,116549:0:0:0:0:
448,192,116549,128,0,116789:0:0:0:0:
192,192,116549,1,0,0:0:0:0:
192,192,116789,128,0,117029:0:0:0:0:
448,192,117029,128,0,117269:0:0:0:0:
64,192,117029,1,0,0:0:0:0:
320,192,117149,128,0,117269:0:0:0:0:
64,192,117269,128,0,117509:0:0:0:0:
192,192,117389,128,0,117509:0:0:0:0:
448,192,117509,128,0,117629:0:0:0:0:
320,192,117509,1,0,0:0:0:0:
64,192,117629,128,0,117749:0:0:0:0:
320,192,117749,128,0,117869:0:0:0:0:
192,192,117869,128,0,117989:0:0:0:0:
64,192,117989,128,0,118229:0:0:0:0:
320,192,117989,1,0,0:0:0:0:
448,192,117989,1,0,0:0:0:0:
320,192,118229,128,0,118469:0:0:0:0:
192,192,118349,1,0,0:0:0:0:
64,192,118469,1,0,0:0:0:0:
448,192,118469,128,0,118709:0:0:0:0:
192,192,118589,1,0,0:0:0:0:
64,192,118709,128,0,118949:0:0:0:0:
320,192,118709,1,0,0:0:0:0:
192,192,118949,1,0,0:0:0:0:
448,192,118949,1,0,0:0:0:0:
320,192,119189,128,0,119429:0:0:0:0:
64,192,119309,1,0,0:0:0:0:
192,192,119429,128,0,119669:0:0:0:0:
448,192,119429,128,0,119909:0:0:0:0:
64,192,119909,1,0,0:0:0:0:
192,192,119909,1,0,0:0:0:0:
320,192,119909,1,0,0:0:0:0:
320,192,120149,1,0,0:0:0:0:
64,192,120149,1,0,0:0:0:0:
192,192,120389,1,0,0:0:0:0:
448,192,120389,1,0,0:0:0:0:
320,192,120509,1,0,0:0:0:0:
448,192,120629,1,0,0:0:0:0:
320,192,120869,1,0,0:0:0:0:
64,192,120869,1,0,0:0:0:0:
192,192,120869,1,0,0:0:0:0:
448,192,120989,1,0,0:0:0:0:
192,192,121109,1,0,0:0:0:0:
448,192,121229,1,0,0:0:0:0:
192,192,121349,128,0,121589:0:0:0:0:
64,192,121349,128,0,121589:0:0:0:0:
320,192,121349,1,0,0:0:0:0:
448,192,121589,128,0,121829:0:0:0:0:
64,192,121709,1,0,0:0:0:0:
320,192,121829,1,0,0:0:0:0:
192,192,121829,1,0,0:0:0:0:
448,192,122069,1,0,0:0:0:0:
64,192,122069,128,0,122309:0:0:0:0:
320,192,122309,1,0,0:0:0:0:
448,192,122429,1,0,0:0:0:0:
192,192,122429,1,0,0:0:0:0:
64,192,122549,1,0,0:0:0:0:
320,192,122549,128,0,122789:0:0:0:0:
192,192,122789,128,0,123029:0:0:0:0:
64,192,122789,1,0,0:0:0:0:
320,192,122909,1,0,0:0:0:0:
448,192,123029,1,0,0:0:0:0:
192,192,123149,1,0,0:0:0:0:
64,192,123269,128,0,123509:0:0:0:0:
448,192,123269,1,0,0:0:0:0:
320,192,123269,1,0,0:0:0:0:
192,192,123389,128,0,123509:0:0:0:0:
320,192,123509,1,0,0:0:0:0:
448,192,123629,128,0,123869:0:0:0:0:
320,192,123749,128,0,123869:0:0:0:0:
192,192,123869,1,0,0:0:0:0:
64,192,123989,128,0,124229:0:0:0:0:
192,192,124109,128,0,124229:0:0:0:0:
448,192,124229,1,0,0:0:0:0:
320,192,124229,1,0,0:0:0:0:
448,192,124349,128,0,124589:0:0:0:0:
320,192,124349,128,0,124589:0:0:0:0:
192,192,124589,1,0,0:0:0:0:
64,192,124589,1,0,0:0:0:0:
64,192,124709,128,0,124949:0:0:0:0:
192,192,124709,128,0,124949:0:0:0:0:
448,192,124949,1,0,0:0:0:0:
320,192,124949,1,0,0:0:0:0:
192,192,125069,1,0,0:0:0:0:
320,192,125189,128,0,125309:0:0:0:0:
448,192,125189,1,0,0:0:0:0:
64,192,125189,128,0,125309:0:0:0:0:
448,192,125429,128,0,125669:0:0:0:0:
320,192,125549,128,0,125669:0:0:0:0:
64,192,125669,1,0,0:0:0:0:
192,192,125669,1,0,0:0:0:0:
320,192,125789,128,0,125909:0:0:0:0:
64,192,125909,128,0,126149:0:0:0:0:
448,192,126029,128,0,126149:0:0:0:0:
320,192,126149,128,0,126389:0:0:0:0:
192,192,126149,128,0,126269:0:0:0:0:
64,192,126389,128,0,126629:0:0:0:0:
192,192,126509,128,0,126629:0:0:0:0:
320,192,126629,1,0,0:0:0:0:
448,192,126629,1,0,0:0:0:0:
192,192,126749,128,0,126989:0:0:0:0:
448,192,126869,1,0,0:0:0:0:
64,192,127109,128,0,127229:0:0:0:0:
320,192,127109,1,0,0:0:0:0:
448,192,127229,128,0,127349:0:0:0:0:
192,192,127349,128,0,127589:0:0:0:0:
320,192,127589,128,0,127829:0:0:0:0:
448,192,127589,1,0,0:0:0:0:
192,192,127829,128,0,128069:0:0:0:0:
448,192,127949,1,0,0:0:0:0:
64,192,128069,1,0,0:0:0:0:
320,192,128069,1,0,0:0:0:0:
448,192,128189,1,0,0:0:0:0:
192,192,128309,128,0,128549:0:0:0:0:
320,192,128549,1,0,0:0:0:0:
448,192,128549,128,0,128669:0:0:0:0:
64,192,128669,128,0,128789:0:0:0:0:
320,192,128789,128,0,129029:0:0:0:0:
448,192,128909,128,0,129029:0:0:0:0:
192,192,129029,1,0,0:0:0:0:
64,192,129029,128,0,129269:0:0:0:0:
320,192,129149,128,0,129269:0:0:0:0:
192,192,129269,128,0,129389:0:0:0:0:
448,192,129389,128,0,129509:0:0:0:0:
320,192,129509,128,0,129749:0:0:0:0:
192,192,129509,1,0,0:0:0:0:
64,192,129629,128,0,129749:0:0:0:0:
448,192,129749,128,0,129869:0:0:0:0:
192,192,129869,128,0,129989:0:0:0:0:
448,192,129989,1,0,0:0:0:0:
64,192,129989,128,0,130229:0:0:0:0:
320,192,130229,128,0,130349:0:0:0:0:
448,192,130349,128,0,130469:0:0:0:0:
192,192,130469,128,0,130709:0:0:0:0:
320,192,130469,1,0,0:0:0:0:
64,192,130589,128,0,130709:0:0:0:0:
448,192,130709,128,0,130949:0:0:0:0:
320,192,130709,128,0,130829:0:0:0:0:
192,192,130949,128,0,131069:0:0:0:0:
320,192,130949,128,0,131069:0:0:0:0:
64,192,130949,128,0,131189:0:0:0:0:
448,192,131189,128,0,131429:0:0:0:0:
320,192,131189,128,0,131429:0:0:0:0:
192,192,131429,1,0,0:0:0:0:
64,192,131429,1,0,0:0:0:0:
64,192,131549,1,0,0:0:0:0:
192,192,131549,1,0,0:0:0:0:
448,192,131669,1,0,0:0:0:0:
320,192,131669,1,0,0:0:0:0:
192,192,131789,128,0,131909:0:0:0:0:
64,192,131789,1,0,0:0:0:0:
320,192,131909,128,0,132149:0:0:0:0:
448,192,131909,1,0,0:0:0:0:
192,192,132149,1,0,0:0:0:0:
64,192,132149,1,0,0:0:0:0:
448,192,132149,128,0,132389:0:0:0:0:
320,192,132389,128,0,132629:0:0:0:0:
64,192,132389,1,0,0:0:0:0:
192,192,132509,1,0,0:0:0:0:
64,192,132629,128,0,132869:0:0:0:0:
448,192,132629,1,0,0:0:0:0:
320,192,132749,1,0,0:0:0:0:
192,192,132869,128,0,133109:0:0:0:0:
448,192,132869,128,0,132989:0:0:0:0:
320,192,133109,128,0,133349:0:0:0:0:
64,192,133229,128,0,133349:0:0:0:0:
192,192,133349,1,0,0:0:0:0:
448,192,133349,1,0,0:0:0:0:
320,192,133469,128,0,133589:0:0:0:0:
192,192,133589,128,0,133829:0:0:0:0:
448,192,133709,128,0,133829:0:0:0:0:
64,192,133829,128,0,134069:0:0:0:0:
320,192,133829,128,0,133949:0:0:0:0:
448,192,134069,128,0,134309:0:0:0:0:
320,192,134189,128,0,134309:0:0:0:0:
192,192,134309,1,0,0:0:0:0:
64,192,134309,1,0,0:0:0:0:
320,192,134429,128,0,134549:0:0:0:0:
192,192,134549,128,0,134789:0:0:0:0:
448,192,134789,128,0,135029:0:0:0:0:
64,192,134789,1,0,0:0:0:0:
64,192,135029,128,0,135269:0:0:0:0:
192,192,135269,1,0,0:0:0:0:
320,192,135269,128,0,135509:0:0:0:0:
64,192,135509,1,0,0:0:0:0:
448,192,135509,128,0,135749:0:0:0:0:
192,192,135629,1,0,0:0:0:0:
64,192,135749,1,0,0:0:0:0:
320,192,135749,1,0,0:0:0:0:
448,192,135869,1,0,0:0:0:0:
320,192,135989,128,0,136109:0:0:0:0:
192,192,135989,128,0,136229:0:0:0:0:
448,192,136229,1,0,0:0:0:0:
64,192,136229,1,0,0:0:0:0:
320,192,136349,1,0,0:0:0:0:
192,192,136349,1,0,0:0:0:0:
448,192,136469,1,0,0:0:0:0:
64,192,136589,1,0,0:0:0:0:
448,192,136709,1,0,0:0:0:0:
320,192,136709,1,0,0:0:0:0:
192,192,136709,1,0,0:0:0:0:
448,192,136949,128,0,137189:0:0:0:0:
320,192,136949,128,0,137189:0:0:0:0:
192,192,136949,128,0,137189:0:0:0:0:
320,192,137669,1,0,0:0:0:0:
448,192,137669,1,0,0:0:0:0:
64,192,137669,1,0,0:0:0:0:
64,192,137909,128,0,138149:0:0:0:0:
320,192,137909,128,0,138149:0:0:0:0:
448,192,137909,128,0,138149:0:0:0:0:
192,192,138149,1,0,0:0:0:0:
320,192,138269,1,0,0:0:0:0:
448,192,138389,1,0,0:0:0:0:
64,192,138509,1,0,0:0:0:0:
448,192,138629,1,0,0:0:0:0:
320,192,138629,1,0,0:0:0:0:
192,192,138629,1,0,0:0:0:0:
64,192,138749,128,0,138869:0:0:0:0:
320,192,138869,128,0,139109:0:0:0:0:
192,192,138989,128,0,139109:0:0:0:0:
448,192,139109,128,0,139349:0:0:0:0:
64,192,139109,1,0,0:0:0:0:
320,192,139229,128,0,139349:0:0:0:0:
64,192,139349,128,0,139469:0:0:0:0:
192,192,139469,128,0,139709:0:0:0:0:
320,192,139589,1,0,0:0:0:0:
448,192,139589,1,0,0:0:0:0:
64,192,139709,128,0,139829:0:0:0:0:
448,192,139829,128,0,139949:0:0:0:0:
192,192,139949,128,0,140069:0:0:0:0:
320,192,140069,128,0,140309:0:0:0:0:
64,192,140069,1,0,0:0:0:0:
448,192,140189,128,0,140309:0:0:0:0:
64,192,140309,128,0,140549:0:0:0:0:
192,192,140429,128,0,140549:0:0:0:0:
320,192,140549,1,0,0:0:0:0:
448,192,140549,128,0,140789:0:0:0:0:
64,192,140669,128,0,140789:0:0:0:0:
192,192,140789,128,0,141029:0:0:0:0:
320,192,140789,128,0,140909:0:0:0:0:
64,192,140909,128,0,141029:0:0:0:0:
320,192,141029,1,0,0:0:0:0:
448,192,141029,128,0,141269:0:0:0:0:
192,192,141149,128,0,141269:0:0:0:0:
64,192,141269,128,0,141509:0:0:0:0:
320,192,141389,128,0,141509:0:0:0:0:
192,192,141509,1,0,0:0:0:0:
448,192,141509,128,0,141749:0:0:0:0:
64,192,141629,128,0,141749:0:0:0:0:
320,192,141749,128,0,141989:0:0:0:0:
192,192,141869,128,0,141989:0:0:0:0:
64,192,141989,1,0,0:0:0:0:
448,192,141989,128,0,142229:0:0:0:0:
192,192,142109,128,0,142229:0:0:0:0:
64,192,142229,128,0,142349:0:0:0:0:
320,192,142229,128,0,142469:0:0:0:0:
448,192,142469,1,0,0:0:0:0:
64,192,142469,1,0,0:0:0:0:
320,192,142589,128,0,142709:0:0:0:0:
192,192,142589,128,0,142709:0:0:0:0:
448,192,142709,1,0,0:0:0:0:
192,192,142829,128,0,142949:0:0:0:0:
64,192,142829,128,0,142949:0:0:0:0:
320,192,142949,1,0,0:0:0:0:
448,192,142949,1,0,0:0:0:0:
192,192,143069,128,0,143309:0:0:0:0:
64,192,143069,128,0,143189:0:0:0:0:
320,192,143189,1,0,0:0:0:0:
448,192,143309,128,0,143429:0:0:0:0:
64,192,143309,128,0,143429:0:0:0:0:
320,192,143429,1,0,0:0:0:0:
192,192,143549,128,0,143669:0:0:0:0:
448,192,143549,128,0,143669:0:0:0:0:
64,192,143669,1,0,0:0:0:0:
448,192,143789,128,0,143909:0:0:0:0:
320,192,143789,128,0,143909:0:0:0:0:
64,192,143909,1,0,0:0:0:0:
192,192,143909,1,0,0:0:0:0:
320,192,144029,128,0,144149:0:0:0:0:
448,192,144029,128,0,144269:0:0:0:0:
64,192,144149,1,0,0:0:0:0:
320,192,144269,128,0,144389:0:0:0:0:
192,192,144269,128,0,144389:0:0:0:0:
448,192,144389,1,0,0:0:0:0:
320,192,144509,128,0,144629:0:0:0:0:
64,192,144509,128,0,144629:0:0:0:0:
448,192,144629,1,0,0:0:0:0:
64,192,144749,128,0,144989:0:0:0:0:
192,192,144749,128,0,144869:0:0:0:0:
448,192,144869,1,0,0:0:0:0:
320,192,144869,1,0,0:0:0:0:
192,192,144989,128,0,145109:0:0:0:0:
448,192,144989,128,0,145229:0:0:0:0:
320,192,145109,1,0,0:0:0:0:
64,192,145229,128,0,145349:0:0:0:0:
192,192,145229,128,0,145349:0:0:0:0:
320,192,145349,1,0,0:0:0:0:
448,192,145349,1,0,0:0:0:0:
64,192,145469,128,0,145589:0:0:0:0:
320,192,145589,1,0,0:0:0:0:
192,192,145589,1,0,0:0:0:0:
448,192,145709,128,0,145829:0:0:0:0:
64,192,145829,1,0,0:0:0:0:
192,192,145829,1,0,0:0:0:0:
320,192,145949,128,0,146189:0:0:0:0:
64,192,146069,128,0,146189:0:0:0:0:
448,192,146189,1,0,0:0:0:0:
320,192,146309,128,0,146549:0:0:0:0:
64,192,146309,1,0,0:0:0:0:
192,192,146309,1,0,0:0:0:0:
448,192,146429,128,0,146549:0:0:0:0:
192,192,146549,128,0,146669:0:0:0:0:
64,192,146669,128,0,146909:0:0:0:0:
320,192,146789,1,0,0:0:0:0:
448,192,146789,128,0,146909:0:0:0:0:
192,192,146909,128,0,147029:0:0:0:0:
320,192,147029,128,0,147269:0:0:0:0:
64,192,147149,128,0,147269:0:0:0:0:
448,192,147269,1,0,0:0:0:0:
192,192,147269,128,0,147509:0:0:0:0:
64,192,147389,128,0,147509:0:0:0:0:
320,192,147509,128,0,147629:0:0:0:0:
448,192,147629,128,0,147869:0:0:0:0:
192,192,147749,1,0,0:0:0:0:
64,192,147749,128,0,147869:0:0:0:0:
320,192,147869,128,0,147989:0:0:0:0:
192,192,147989,128,0,148229:0:0:0:0:
448,192,148109,128,0,148229:0:0:0:0:
64,192,148229,1,0,0:0:0:0:
320,192,148229,128,0,148469:0:0:0:0:
448,192,148349,128,0,148469:0:0:0:0:
64,192,148469,128,0,148709:0:0:0:0:
192,192,148589,128,0,148709:0:0:0:0:
448,192,148709,1,0,0:0:0:0:
320,192,148709,128,0,148949:0:0:0:0:
192,192,148829,128,0,148949:0:0:0:0:
64,192,148949,128,0,149189:0:0:0:0:
448,192,149069,1,0,0:0:0:0:
192,192,149189,1,0,0:0:0:0:
320,192,149189,1,0,0:0:0:0:
64,192,149309,1,0,0:0:0:0:
448,192,149309,1,0,0:0:0:0:
192,192,149429,1,0,0:0:0:0:
320,192,149509,128,0,149669:0:0:0:0:
448,192,149589,128,0,149669:0:0:0:0:
64,192,149669,1,0,0:0:0:0:
192,192,149749,128,0,149909:0:0:0:0:
64,192,149829,128,0,149909:0:0:0:0:
448,192,149909,128,0,150029:0:0:0:0:
320,192,149909,128,0,150029:0:0:0:0:
192,192,150149,128,0,150269:0:0:0:0:
64,192,150149,128,0,150269:0:0:0:0:
448,192,150269,128,0,150389:0:0:0:0:
320,192,150269,128,0,150389:0:0:0:0:
192,192,150389,1,0,0:0:0:0:
320,192,150509,128,0,150629:0:0:0:0:
64,192,150509,128,0,150629:0:0:0:0:
192,192,150629,1,0,0:0:0:0:
448,192,150629,1,0,0:0:0:0:
320,192,150749,128,0,150869:0:0:0:0:
64,192,150749,128,0,150989:0:0:0:0:
448,192,150869,1,0,0:0:0:0:
192,192,150989,1,0,0:0:0:0:
320,192,151109,128,0,151229:0:0:0:0:
448,192,151109,128,0,151229:0:0:0:0:
64,192,151229,1,0,0:0:0:0:
192,192,151229,1,0,0:0:0:0:
320,192,151349,128,0,151469:0:0:0:0:
448,192,151349,128,0,151469:0:0:0:0:
192,192,151469,128,0,151589:0:0:0:0:
64,192,151469,128,0,151589:0:0:0:0:
320,192,151589,1,0,0:0:0:0:
448,192,151589,1,0,0:0:0:0:
192,192,151709,128,0,151829:0:0:0:0:
64,192,151709,128,0,152069:0:0:0:0:
448,192,151829,128,0,152069:0:0:0:0:
192,192,152069,128,0,152189:0:0:0:0:
320,192,152069,128,0,152429:0:0:0:0:
64,192,152309,1,0,0:0:0:0:
192,192,152429,128,0,152549:0:0:0:0:
448,192,152429,128,0,152789:0:0:0:0:
64,192,152549,1,0,0:0:0:0:
320,192,152549,128,0,152789:0:0:0:0:
192,192,152789,128,0,152909:0:0:0:0:
64,192,152789,128,0,153029:0:0:0:0:
448,192,152909,1,0,0:0:0:0:
320,192,153029,1,0,0:0:0:0:
64,192,153149,1,0,0:0:0:0:
192,192,153149,1,0,0:0:0:0:
320,192,153269,1,0,0:0:0:0:
448,192,153269,1,0,0:0:0:0:
64,192,153389,1,0,0:0:0:0:
320,192,153509,1,0,0:0:0:0:
192,192,153509,1,0,0:0:0:0:
448,192,153629,1,0,0:0:0:0:
64,192,153749,1,0,0:0:0:0:
320,192,153869,1,0,0:0:0:0:
64,192,153989,1,0,0:0:0:0:
448,192,153989,1,0,0:0:0:0:
192,192,153989,1,0,0:0:0:0:
320,192,154229,128,0,154469:0:0:0:0:
192,192,154349,1,0,0:0:0:0:
448,192,154469,1,0,0:0:0:0:
64,192,154469,128,0,154589:0:0:0:0:
320,192,154589,128,0,154709:0:0:0:0:
448,192,154709,128,0,154829:0:0:0:0:
64,192,154829,128,0,154949:0:0:0:0:
192,192,154949,1,0,0:0:0:0:
320,192,154949,128,0,155069:0:0:0:0:
64,192,155069,128,0,155189:0:0:0:0:
448,192,155189,128,0,155309:0:0:0:0:
320,192,155309,128,0,155429:0:0:0:0:
192,192,155429,128,0,155669:0:0:0:0:
448,192,155429,1,0,0:0:0:0:
64,192,155429,1,0,0:0:0:0:
320,192,155549,128,0,155669:0:0:0:0:
64,192,155669,128,0,155909:0:0:0:0:
448,192,155789,1,0,0:0:0:0:
192,192,155909,1,0,0:0:0:0:
320,192,155909,1,0,0:0:0:0:
64,192,156029,1,0,0:0:0:0:
448,192,156149,128,0,156269:0:0:0:0:
192,192,156269,128,0,156389:0:0:0:0:
320,192,156389,1,0,0:0:0:0:
448,192,156389,128,0,156509:0:0:0:0:
64,192,156389,1,0,0:0:0:0:
192,192,156509,128,0,156629:0:0:0:0:
320,192,156629,128,0,156749:0:0:0:0:
64,192,156749,128,0,156869:0:0:0:0:
448,192,156869,128,0,156989:0:0:0:0:
192,192,156869,1,0,0:0:0:0:
64,192,156989,128,0,157109:0:0:0:0:
320,192,157109,128,0,157229:0:0:0:0:
192,192,157229,128,0,157349:0:0:0:0:
64,192,157349,1,0,0:0:0:0:
320,192,157349,1,0,0:0:0:0:
448,192,157349,128,0,157589:0:0:0:0:
192,192,157469,1,0,0:0:0:0:
64,192,157589,128,0,157829:0:0:0:0:
320,192,157709,1,0,0:0:0:0:
448,192,157829,1,0,0:0:0:0:
192,192,157829,1,0,0:0:0:0:
320,192,157949,1,0,0:0:0:0:
448,192,158069,128,0,158309:0:0:0:0:
64,192,158189,1,0,0:0:0:0:
320,192,158309,128,0,158429:0:0:0:0:
192,192,158309,1,0,0:0:0:0:
64,192,158429,128,0,158549:0:0:0:0:
192,192,158549,128,0,158669:0:0:0:0:
320,192,158669,128,0,158789:0:0:0:0:
448,192,158789,1,0,0:0:0:0:
64,192,158789,128,0,158909:0:0:0:0:
320,192,158909,128,0,159029:0:0:0:0:
192,192,159029,128,0,159149:0:0:0:0:
448,192,159149,128,0,159269:0:0:0:0:
64,192,159269,128,0,159509:0:0:0:0:
192,192,159269,1,0,0:0:0:0:
320,192,159269,1,0,0:0:0:0:
448,192,159389,1,0,0:0:0:0:
320,192,159509,128,0,159749:0:0:0:0:
192,192,159629,1,0,0:0:0:0:
64,192,159749,1,0,0:0:0:0:
448,192,159749,1,0,0:0:0:0:
192,192,159869,1,0,0:0:0:0:
64,192,159989,128,0,160109:0:0:0:0:
448,192,160109,128,0,160229:0:0:0:0:
320,192,160229,128,0,160349:0:0:0:0:
192,192,160229,1,0,0:0:0:0:
448,192,160349,128,0,160469:0:0:0:0:
192,192,160469,128,0,160589:0:0:0:0:
320,192,160589,128,0,160709:0:0:0:0:
64,192,160709,128,0,160829:0:0:0:0:
448,192,160709,1,0,0:0:0:0:
192,192,160829,128,0,160949:0:0:0:0:
320,192,160949,128,0,161069:0:0:0:0:
448,192,160949,128,0,161069:0:0:0:0:
64,192,161069,128,0,161189:0:0:0:0:
448,192,161189,128,0,161429:0:0:0:0:
320,192,161189,1,0,0:0:0:0:
192,192,161309,1,0,0:0:0:0:
64,192,161309,1,0,0:0:0:0:
320,192,161429,128,0,161669:0:0:0:0:
64,192,161549,1,0,0:0:0:0:
448,192,161669,1,0,0:0:0:0:
192,192,161669,128,0,162629:0:0:0:0:
320,192,161789,1,0,0:0:0:0:
64,192,161909,1,0,0:0:0:0:
448,192,162029,1,0,0:0:0:0:
320,192,162149,1,0,0:0:0:0:
64,192,162149,1,0,0:0:0:0:
448,192,162269,1,0,0:0:0:0:
320,192,162389,1,0,0:0:0:0:
64,192,162509,1,0,0:0:0:0:
320,192,162629,1,0,0:0:0:0:
448,192,162629,1,0,0:0:0:0:
192,192,162749,1,0,0:0:0:0:
448,192,162869,128,0,162989:0:0:0:0:
192,192,162989,128,0,163349:0:0:0:0:
320,192,163109,1,0,0:0:0:0:
64,192,163109,1,0,0:0:0:0:
448,192,163229,128,0,163469:0:0:0:0:
64,192,163349,128,0,163589:0:0:0:0:
320,192,163469,128,0,163589:0:0:0:0:
192,192,163589,1,0,0:0:0:0:
448,192,163589,128,0,164549:0:0:0:0:
64,192,163709,1,0,0:0:0:0:
320,192,163829,1,0,0:0:0:0:
192,192,163949,1,0,0:0:0:0:
64,192,164069,1,0,0:0:0:0:
320,192,164069,1,0,0:0:0:0:
192,192,164189,1,0,0:0:0:0:
64,192,164309,1,0,0:0:0:0:
320,192,164429,1,0,0:0:0:0:
64,192,164549,1,0,0:0:0:0:
192,192,164549,1,0,0:0:0:0:
448,192,164669,1,0,0:0:0:0:
320,192,164789,128,0,164909:0:0:0:0:
64,192,164909,128,0,165029:0:0:0:0:
448,192,165029,128,0,165269:0:0:0:0:
192,192,165029,1,0,0:0:0:0:
320,192,165029,1,0,0:0:0:0:
64,192,165149,1,0,0:0:0:0:
192,192,165269,128,0,165509:0:0:0:0:
320,192,165389,128,0,165509:0:0:0:0:
64,192,165509,1,0,0:0:0:0:
448,192,165509,128,0,165749:0:0:0:0:
320,192,165629,1,0,0:0:0:0:
192,192,165749,128,0,165989:0:0:0:0:
64,192,165869,1,0,0:0:0:0:
320,192,165989,1,0,0:0:0:0:
448,192,165989,1,0,0:0:0:0:
64,192,166109,1,0,0:0:0:0:
320,192,166229,1,0,0:0:0:0:
192,192,166349,1,0,0:0:0:0:
64,192,166469,1,0,0:0:0:0:
448,192,166469,1,0,0:0:0:0:
192,192,166589,1,0,0:0:0:0:
320,192,166709,128,0,166949:0:0:0:0:
448,192,166829,1,0,0:0:0:0:
64,192,166949,1,0,0:0:0:0:
192,192,166949,1,0,0:0:0:0:
320,192,167069,1,0,0:0:0:0:
448,192,167189,1,0,0:0:0:0:
64,192,167309,1,0,0:0:0:0:
320,192,167429,1,0,0:0:0:0:
192,192,167429,128,0,167909:0:0:0:0:
448,192,167549,1,0,0:0:0:0:
64,192,167669,1,0,0:0:0:0:
320,192,167789,1,0,0:0:0:0:
448,192,167909,1,0,0:0:0:0:
64,192,167909,1,0,0:0:0:0:
192,192,168029,1,0,0:0:0:0:
448,192,168149,1,0,0:0:0:0:
64,192,168269,1,0,0:0:0:0:
320,192,168269,1,0,0:0:0:0:
448,192,168389,1,0,0:0:0:0:
192,192,168389,1,0,0:0:0:0:
320,192,168509,1,0,0:0:0:0:
192,192,168629,1,0,0:0:0:0:
64,192,168749,1,0,0:0:0:0:
320,192,168869,128,0,169109:0:0:0:0:
448,192,168869,1,0,0:0:0:0:
64,192,168989,1,0,0:0:0:0:
448,192,169109,128,0,169349:0:0:0:0:
192,192,169229,1,0,0:0:0:0:
64,192,169349,128,0,169469:0:0:0:0:
320,192,169349,1,0,0:0:0:0:
320,192,169589,128,0,169709:0:0:0:0:
64,192,169709,128,0,169949:0:0:0:0:
192,192,169829,128,0,169949:0:0:0:0:
448,192,169829,1,0,0:0:0:0:
320,192,169949,128,0,170309:0:0:0:0:
192,192,170069,128,0,170309:0:0:0:0:
64,192,170309,1,0,0:0:0:0:
448,192,170309,1,0,0:0:0:0:
320,192,170549,1,0,0:0:0:0:
192,192,170669,1,0,0:0:0:0:
448,192,170789,1,0,0:0:0:0:
64,192,170789,1,0,0:0:0:0:
320,192,170909,1,0,0:0:0:0:
448,192,171029,1,0,0:0:0:0:
64,192,171269,1,0,0:0:0:0:
192,192,171269,1,0,0:0:0:0:
448,192,171389,1,0,0:0:0:0:
320,192,171509,1,0,0:0:0:0:
192,192,171629,1,0,0:0:0:0:
320,192,171749,1,0,0:0:0:0:
448,192,171749,1,0,0:0:0:0:
64,192,171869,1,0,0:0:0:0:
448,192,171989,1,0,0:0:0:0:
192,192,172109,1,0,0:0:0:0:
64,192,172229,1,0,0:0:0:0:
320,192,172229,1,0,0:0:0:0:
448,192,172349,1,0,0:0:0:0:
192,192,172469,1,0,0:0:0:0:
320,192,172589,1,0,0:0:0:0:
64,192,172709,1,0,0:0:0:0:
192,192,172709,1,0,0:0:0:0:
448,192,172829,1,0,0:0:0:0:
320,192,172949,128,0,173069:0:0:0:0:
192,192,173069,128,0,173189:0:0:0:0:
64,192,173189,1,0,0:0:0:0:
448,192,173189,128,0,173309:0:0:0:0:
192,192,173309,1,0,0:0:0:0:
320,192,173429,128,0,173549:0:0:0:0:
64,192,173549,128,0,173669:0:0:0:0:
192,192,173669,128,0,173909:0:0:0:0:
448,192,173669,1,0,0:0:0:0:
320,192,173789,128,0,174149:0:0:0:0:
64,192,173909,128,0,174149:0:0:0:0:
192,192,174149,1,0,0:0:0:0:
448,192,174149,1,0,0:0:0:0:
320,192,174389,1,0,0:0:0:0:
448,192,174509,1,0,0:0:0:0:
192,192,174629,1,0,0:0:0:0:
64,192,174629,1,0,0:0:0:0:
320,192,174749,1,0,0:0:0:0:
64,192,174869,1,0,0:0:0:0:
448,192,175109,1,0,0:0:0:0:
192,192,175109,1,0,0:0:0:0:
320,192,175229,1,0,0:0:0:0:
64,192,175349,1,0,0:0:0:0:
448,192,175469,1,0,0:0:0:0:
192,192,175589,1,0,0:0:0:0:
320,192,175589,1,0,0:0:0:0:
448,192,175709,1,0,0:0:0:0:
64,192,175829,1,0,0:0:0:0:
320,192,175949,1,0,0:0:0:0:
448,192,176069,1,0,0:0:0:0:
64,192,176069,1,0,0:0:0:0:
192,192,176189,1,0,0:0:0:0:
448,192,176309,1,0,0:0:0:0:
320,192,176429,1,0,0:0:0:0:
64,192,176549,1,0,0:0:0:0:
192,192,176549,1,0,0:0:0:0:
320,192,176669,1,0,0:0:0:0:
448,192,176789,128,0,176909:0:0:0:0:
64,192,176909,128,0,177029:0:0:0:0:
192,192,177029,128,0,177149:0:0:0:0:
320,192,177029,1,0,0:0:0:0:
320,192,177269,128,0,177509:0:0:0:0:
192,192,177389,128,0,177509:0:0:0:0:
448,192,177509,128,0,177749:0:0:0:0:
64,192,177629,128,0,177989:0:0:0:0:
192,192,177749,128,0,177989:0:0:0:0:
320,192,177989,1,0,0:0:0:0:
320,192,178229,1,0,0:0:0:0:
192,192,178349,1,0,0:0:0:0:
64,192,178469,1,0,0:0:0:0:
448,192,178589,1,0,0:0:0:0:
64,192,178709,1,0,0:0:0:0:
192,192,178949,1,0,0:0:0:0:
448,192,179069,1,0,0:0:0:0:
64,192,179189,1,0,0:0:0:0:
192,192,179309,1,0,0:0:0:0:
320,192,179549,1,0,0:0:0:0:
448,192,179669,1,0,0:0:0:0:
64,192,179789,1,0,0:0:0:0:
192,192,179909,1,0,0:0:0:0:
64,192,180029,1,0,0:0:0:0:
320,192,180149,1,0,0:0:0:0:
192,192,180269,1,0,0:0:0:0:
448,192,180389,1,0,0:0:0:0:
64,192,180509,1,0,0:0:0:0:
192,192,180629,1,0,0:0:0:0:
320,192,180749,1,0,0:0:0:0:
448,192,180869,1,0,0:0:0:0:
192,192,181109,1,0,0:0:0:0:
64,192,181229,1,0,0:0:0:0:
448,192,181469,1,0,0:0:0:0:
320,192,181589,1,0,0:0:0:0:
192,192,181829,1,0,0:0:0:0:
64,192,182069,1,0,0:0:0:0:
448,192,182189,1,0,0:0:0:0:
192,192,182309,1,0,0:0:0:0:
320,192,182429,1,0,0:0:0:0:
64,192,182549,1,0,0:0:0:0:
192,192,182669,1,0,0:0:0:0:
448,192,182789,128,0,184229:0:0:0:0:
320,192,182789,128,0,184229:0:0:0:0:
448,192,184469,128,0,184709:0:0:0:0:
320,192,184709,128,0,184829:0:0:0:0:
192,192,184709,128,0,184949:0:0:0:0:
64,192,184709,128,0,185069:0:0:0:0:
192,192,185069,128,0,185189:0:0:0:0:
320,192,185069,128,0,185309:0:0:0:0:
448,192,185069,128,0,185429:0:0:0:0:
320,192,185429,128,0,185549:0:0:0:0:
192,192,185429,128,0,185669:0:0:0:0:
64,192,185429,128,0,185789:0:0:0:0:
192,192,185789,128,0,185909:0:0:0:0:
320,192,185789,128,0,186029:0:0:0:0:
448,192,185789,128,0,186149:0:0:0:0:
192,192,186149,128,0,186269:0:0:0:0:
64,192,186149,128,0,186389:0:0:0:0:
320,192,186389,128,0,186509:0:0:0:0:
448,192,186389,128,0,186629:0:0:0:0:
64,192,186629,128,0,186989:0:0:0:0:
192,192,186629,128,0,187109:0:0:0:0:
320,192,186629,1,0,0:0:0:0:
320,192,186989,1,0,0:0:0:0:
64,192,187109,1,0,0:0:0:0:
448,192,187109,1,0,0:0:0:0:
448,192,187229,1,0,0:0:0:0:
192,192,187349,128,0,187709:0:0:0:0:
320,192,187349,1,0,0:0:0:0:
64,192,187349,128,0,187709:0:0:0:0:
448,192,187709,1,0,0:0:0:0:
320,192,187829,128,0,188069:0:0:0:0:
64,192,187829,1,0,0:0:0:0:
192,192,187829,128,0,188069:0:0:0:0:
64,192,188069,1,0,0:0:0:0:
448,192,188069,1,0,0:0:0:0:
320,192,188189,1,0,0:0:0:0:
64,192,188309,1,0,0:0:0:0:
448,192,188309,1,0,0:0:0:0:
192,192,188429,1,0,0:0:0:0:
448,192,188549,128,0,188789:0:0:0:0:
64,192,188549,128,0,188669:0:0:0:0:
320,192,188549,128,0,188669:0:0:0:0:
320,192,188789,128,0,188909:0:0:0:0:
192,192,188789,128,0,188909:0:0:0:0:
64,192,188789,128,0,189029:0:0:0:0:
448,192,189029,128,0,189149:0:0:0:0:
192,192,189149,128,0,189269:0:0:0:0:
448,192,189269,128,0,189389:0:0:0:0:
64,192,189389,128,0,189989:0:0:0:0:
192,192,189389,128,0,189629:0:0:0:0:
320,192,189389,128,0,189509:0:0:0:0:
448,192,189629,1,0,0:0:0:0:
320,192,189749,1,0,0:0:0:0:
192,192,189869,1,0,0:0:0:0:
448,192,189989,1,0,0:0:0:0:
320,192,189989,1,0,0:0:0:0:
64,192,190109,1,0,0:0:0:0:
448,192,190229,1,0,0:0:0:0:
64,192,190349,1,0,0:0:0:0:
320,192,190469,128,0,190709:0:0:0:0:
448,192,190469,128,0,190709:0:0:0:0:
192,192,190469,128,0,190589:0:0:0:0:
64,192,190709,128,0,190949:0:0:0:0:
192,192,190829,128,0,190949:0:0:0:0:
320,192,190949,1,0,0:0:0:0:
448,192,191069,128,0,191189:0:0:0:0:
192,192,191189,128,0,191309:0:0:0:0:
320,192,191309,128,0,191789:0:0:0:0:
448,192,191309,1,0,0:0:0:0:
192,192,191429,128,0,191549:0:0:0:0:
64,192,191429,128,0,191549:0:0:0:0:
64,192,191669,128,0,191909:0:0:0:0:
448,192,191789,128,0,191909:0:0:0:0:
320,192,191909,1,0,0:0:0:0:
192,192,191909,1,0,0:0:0:0:
448,192,192029,128,0,192269:0:0:0:0:
192,192,192149,1,0,0:0:0:0:
320,192,192269,1,0,0:0:0:0:
64,192,192389,128,0,192629:0:0:0:0:
192,192,192509,128,0,192629:0:0:0:0:
448,192,192629,128,0,192869:0:0:0:0:
192,192,192749,1,0,0:0:0:0:
320,192,192869,128,0,192989:0:0:0:0:
64,192,192869,128,0,192989:0:0:0:0:
448,192,193109,128,0,193349:0:0:0:0:
320,192,193229,128,0,193349:0:0:0:0:
192,192,193229,128,0,193589:0:0:0:0:
64,192,193229,128,0,193589:0:0:0:0:
320,192,193589,128,0,193829:0:0:0:0:
448,192,193589,128,0,193829:0:0:0:0:
64,192,193829,1,0,0:0:0:0:
192,192,193829,1,0,0:0:0:0:
320,192,193949,1,0,0:0:0:0:
192,192,194069,1,0,0:0:0:0:
448,192,194189,1,0,0:0:0:0:
64,192,194309,128,0,194549:0:0:0:0:
320,192,194309,1,0,0:0:0:0:
192,192,194309,1,0,0:0:0:0:
448,192,194429,128,0,194549:0:0:0:0:
320,192,194549,128,0,194669:0:0:0:0:
192,192,194669,128,0,194789:0:0:0:0:
64,192,194789,1,0,0:0:0:0:
448,192,194789,128,0,195029:0:0:0:0:
320,192,194909,128,0,195029:0:0:0:0:
64,192,195029,128,0,195149:0:0:0:0:
320,192,195149,1,0,0:0:0:0:
192,192,195149,128,0,195269:0:0:0:0:
448,192,195269,128,0,195509:0:0:0:0:
64,192,195389,128,0,195509:0:0:0:0:
320,192,195509,128,0,195749:0:0:0:0:
192,192,195509,1,0,0:0:0:0:
448,192,195629,128,0,195749:0:0:0:0:
192,192,195749,1,0,0:0:0:0:
64,192,195749,128,0,195989:0:0:0:0:
320,192,195869,1,0,0:0:0:0:
448,192,195989,128,0,196229:0:0:0:0:
192,192,196229,128,0,196469:0:0:0:0:
64,192,196229,128,0,196349:0:0:0:0:
320,192,196229,128,0,196349:0:0:0:0:
320,192,196469,128,0,196709:0:0:0:0:
448,192,196469,128,0,196709:0:0:0:0:
192,192,196709,1,0,0:0:0:0:
64,192,196709,1,0,0:0:0:0:
192,192,196829,1,0,0:0:0:0:
64,192,196829,1,0,0:0:0:0:
448,192,196949,1,0,0:0:0:0:
320,192,196949,1,0,0:0:0:0:
192,192,197069,128,0,197429:0:0:0:0:
64,192,197069,128,0,197189:0:0:0:0:
320,192,197189,1,0,0:0:0:0:
448,192,197189,128,0,197429:0:0:0:0:
64,192,197429,128,0,197669:0:0:0:0:
320,192,197429,1,0,0:0:0:0:
192,192,197669,1,0,0:0:0:0:
448,192,197669,128,0,197909:0:0:0:0:
320,192,197789,1,0,0:0:0:0:
64,192,197909,1,0,0:0:0:0:
192,192,197909,128,0,198149:0:0:0:0:
320,192,198029,1,0,0:0:0:0:
448,192,198149,128,0,198389:0:0:0:0:
64,192,198149,128,0,198269:0:0:0:0:
320,192,198389,128,0,198629:0:0:0:0:
192,192,198509,128,0,198629:0:0:0:0:
64,192,198629,1,0,0:0:0:0:
448,192,198629,1,0,0:0:0:0:
320,192,198749,128,0,198869:0:0:0:0:
64,192,198869,128,0,199109:0:0:0:0:
192,192,198989,128,0,199109:0:0:0:0:
448,192,199109,128,0,199349:0:0:0:0:
320,192,199109,128,0,199229:0:0:0:0:
64,192,199349,128,0,199589:0:0:0:0:
192,192,199469,128,0,199589:0:0:0:0:
448,192,199589,1,0,0:0:0:0:
320,192,199709,128,0,199829:0:0:0:0:
64,192,199829,128,0,200069:0:0:0:0:
192,192,200069,128,0,200309:0:0:0:0:
448,192,200069,1,0,0:0:0:0:
320,192,200309,128,0,200549:0:0:0:0:
192,192,200549,1,0,0:0:0:0:
64,192,200549,128,0,200789:0:0:0:0:
448,192,200789,128,0,201029:0:0:0:0:
320,192,200909,128,0,201029:0:0:0:0:
64,192,201029,1,0,0:0:0:0:
320,192,201149,1,0,0:0:0:0:
448,192,201149,1,0,0:0:0:0:
192,192,201269,128,0,201389:0:0:0:0:
64,192,201269,128,0,201509:0:0:0:0:
320,192,201509,1,0,0:0:0:0:
448,192,201509,128,0,201629:0:0:0:0:
192,192,201629,1,0,0:0:0:0:
64,192,201749,128,0,201869:0:0:0:0:
448,192,201749,1,0,0:0:0:0:
320,192,201869,128,0,201989:0:0:0:0:
64,192,201989,1,0,0:0:0:0:
192,192,201989,1,0,0:0:0:0:
448,192,201989,1,0,0:0:0:0:
64,192,202229,128,0,202469:0:0:0:0:
192,192,202229,128,0,202469:0:0:0:0:
448,192,202229,128,0,202469:0:0:0:0:
448,192,202949,1,0,0:0:0:0:
320,192,202949,1,0,0:0:0:0:
192,192,202949,1,0,0:0:0:0:
192,192,203189,128,0,203429:0:0:0:0:
320,192,203189,128,0,203429:0:0:0:0:
448,192,203189,128,0,203429:0:0:0:0:
64,192,203669,128,0,204029:0:0:0:0:
320,192,203669,128,0,203909:0:0:0:0:
448,192,203669,128,0,203789:0:0:0:0:
448,192,204149,128,0,204389:0:0:0:0:
320,192,204269,128,0,204389:0:0:0:0:
64,192,204389,128,0,204629:0:0:0:0:
448,192,204509,128,0,204629:0:0:0:0:
192,192,204509,1,0,0:0:0:0:
320,192,204629,128,0,204869:0:0:0:0:
192,192,204749,128,0,204869:0:0:0:0:
64,192,204749,1,0,0:0:0:0:
448,192,204869,128,0,204989:0:0:0:0:
64,192,204989,1,0,0:0:0:0:
192,192,204989,128,0,205109:0:0:0:0:
448,192,205109,1,0,0:0:0:0:
320,192,205109,128,0,205229:0:0:0:0:
64,192,205229,128,0,205349:0:0:0:0:
192,192,205349,128,0,205469:0:0:0:0:
320,192,205349,1,0,0:0:0:0:
448,192,205469,128,0,205709:0:0:0:0:
192,192,205589,128,0,205829:0:0:0:0:
64,192,205829,128,0,206069:0:0:0:0:
320,192,205829,128,0,207749:0:0:0:0:
448,192,205829,1,0,0:0:0:0:
192,192,206069,128,0,206309:0:0:0:0:
64,192,206309,128,0,206549:0:0:0:0:
448,192,206309,1,0,0:0:0:0:
448,192,206549,128,0,206789:0:0:0:0:
192,192,206669,128,0,206789:0:0:0:0:
64,192,206789,1,0,0:0:0:0:
192,192,207029,128,0,207149:0:0:0:0:
448,192,207149,128,0,207269:0:0:0:0:
192,192,207269,1,0,0:0:0:0:
64,192,207269,1,0,0:0:0:0:
64,192,207509,1,0,0:0:0:0:
448,192,207509,1,0,0:0:0:0:
448,192,207749,1,0,0:0:0:0:
192,192,207749,128,0,207989:0:0:0:0:
64,192,207989,1,0,0:0:0:0:
320,192,207989,128,0,208229:0:0:0:0:
192,192,208229,1,0,0:0:0:0:
448,192,208229,128,0,208469:0:0:0:0:
64,192,208229,1,0,0:0:0:0:
320,192,208469,128,0,208709:0:0:0:0:
64,192,208589,128,0,208709:0:0:0:0:
448,192,208709,1,0,0:0:0:0:
192,192,208709,1,0,0:0:0:0:
64,192,208829,1,0,0:0:0:0:
448,192,208949,128,0,209189:0:0:0:0:
320,192,208949,1,0,0:0:0:0:
192,192,209189,1,0,0:0:0:0:
320,192,209189,1,0,0:0:0:0:
64,192,209189,1,0,0:0:0:0:
448,192,209309,1,0,0:0:0:0:
192,192,209429,1,0,0:0:0:0:
320,192,209549,1,0,0:0:0:0:
64,192,209669,128,0,209909:0:0:0:0:
448,192,209669,1,0,0:0:0:0:
192,192,209909,1,0,0:0:0:0:
320,192,209909,128,0,210149:0:0:0:0:
64,192,210149,1,0,0:0:0:0:
448,192,210149,1,0,0:0:0:0:
192,192,210149,128,0,210389:0:0:0:0:
320,192,210389,128,0,210629:0:0:0:0:
448,192,210509,128,0,210629:0:0:0:0:
192,192,210629,1,0,0:0:0:0:
64,192,210629,1,0,0:0:0:0:
448,192,210749,1,0,0:0:0:0:
320,192,210869,1,0,0:0:0:0:
64,192,210869,128,0,211109:0:0:0:0:
192,192,211109,1,0,0:0:0:0:
448,192,211109,128,0,211349:0:0:0:0:
320,192,211229,1,0,0:0:0:0:
64,192,211349,1,0,0:0:0:0:
192,192,211349,128,0,211589:0:0:0:0:
448,192,211589,1,0,0:0:0:0:
64,192,211589,128,0,211829:0:0:0:0:
192,192,211829,1,0,0:0:0:0:
320,192,211829,1,0,0:0:0:0:
64,192,211949,1,0,0:0:0:0:
448,192,211949,128,0,212189:0:0:0:0:
192,192,212069,1,0,0:0:0:0:
320,192,212069,1,0,0:0:0:0:
448,192,212309,1,0,0:0:0:0:
64,192,212309,128,0,212549:0:0:0:0:
192,192,212429,1,0,0:0:0:0:
448,192,212549,128,0,212789:0:0:0:0:
320,192,212549,1,0,0:0:0:0:
192,192,212669,1,0,0:0:0:0:
64,192,212669,1,0,0:0:0:0:
320,192,212789,128,0,213029:0:0:0:0:
64,192,212909,1,0,0:0:0:0:
64,192,213029,1,0,0:0:0:0:
192,192,213029,128,0,213269:0:0:0:0:
448,192,213149,1,0,0:0:0:0:
320,192,213149,1,0,0:0:0:0:
64,192,213269,128,0,213509:0:0:0:0:
320,192,213389,1,0,0:0:0:0:
192,192,213509,1,0,0:0:0:0:
448,192,213509,128,0,213749:0:0:0:0:
192,192,213749,128,0,213989:0:0:0:0:
320,192,213749,1,0,0:0:0:0:
320,192,213989,1,0,0:0:0:0:
448,192,213989,128,0,214229:0:0:0:0:
64,192,213989,1,0,0:0:0:0:
64,192,214229,128,0,214469:0:0:0:0:
320,192,214349,128,0,214469:0:0:0:0:
448,192,214469,1,0,0:0:0:0:
192,192,214469,1,0,0:0:0:0:
320,192,214589,1,0,0:0:0:0:
192,192,214709,1,0,0:0:0:0:
64,192,214709,128,0,214829:0:0:0:0:
448,192,214829,128,0,214949:0:0:0:0:
64,192,214949,1,0,0:0:0:0:
192,192,214949,1,0,0:0:0:0:
320,192,214949,1,0,0:0:0:0:
448,192,215069,1,0,0:0:0:0:
64,192,215189,128,0,215309:0:0:0:0:
320,192,215309,128,0,215429:0:0:0:0:
448,192,215429,1,0,0:0:0:0:
192,192,215429,128,0,215669:0:0:0:0:
64,192,215669,1,0,0:0:0:0:
320,192,215669,128,0,215909:0:0:0:0:
64,192,215909,1,0,0:0:0:0:
192,192,215909,1,0,0:0:0:0:
448,192,215909,128,0,216149:0:0:0:0:
192,192,216149,128,0,216389:0:0:0:0:
64,192,216269,128,0,216389:0:0:0:0:
448,192,216389,1,0,0:0:0:0:
320,192,216389,128,0,216629:0:0:0:0:
192,192,216509,128,0,216629:0:0:0:0:
448,192,216629,128,0,216869:0:0:0:0:
64,192,216629,1,0,0:0:0:0:
64,192,216869,1,0,0:0:0:0:
192,192,216869,1,0,0:0:0:0:
320,192,216869,1,0,0:0:0:0:
448,192,216989,1,0,0:0:0:0:
192,192,217109,1,0,0:0:0:0:
320,192,217229,1,0,0:0:0:0:
448,192,217349,1,0,0:0:0:0:
64,192,217349,128,0,217589:0:0:0:0:
320,192,217469,128,0,217589:0:0:0:0:
192,192,217589,128,0,217829:0:0:0:0:
64,192,217709,128,0,217829:0:0:0:0:
320,192,217829,1,0,0:0:0:0:
448,192,217829,128,0,218069:0:0:0:0:
64,192,217949,128,0,218069:0:0:0:0:
320,192,218069,128,0,218309:0:0:0:0:
192,192,218189,128,0,218309:0:0:0:0:
64,192,218309,128,0,218549:0:0:0:0:
448,192,218309,1,0,0:0:0:0:
320,192,218429,128,0,218549:0:0:0:0:
192,192,218549,128,0,218789:0:0:0:0:
64,192,218669,128,0,218789:0:0:0:0:
320,192,218789,1,0,0:0:0:0:
448,192,218789,128,0,219029:0:0:0:0:
192,192,218909,128,0,219029:0:0:0:0:
320,192,219029,128,0,219269:0:0:0:0:
448,192,219149,128,0,219269:0:0:0:0:
192,192,219269,1,0,0:0:0:0:
64,192,219269,128,0,219509:0:0:0:0:
448,192,219389,128,0,219509:0:0:0:0:
320,192,219509,128,0,219749:0:0:0:0:
192,192,219629,128,0,219749:0:0:0:0:
64,192,219749,128,0,219989:0:0:0:0:
448,192,219749,1,0,0:0:0:0:
320,192,219869,128,0,219989:0:0:0:0:
192,192,219989,128,0,220109:0:0:0:0:
64,192,220109,1,0,0:0:0:0:
448,192,220109,128,0,220229:0:0:0:0:
192,192,220229,1,0,0:0:0:0:
320,192,220229,128,0,220469:0:0:0:0:
64,192,220349,128,0,220469:0:0:0:0:
448,192,220469,128,0,220709:0:0:0:0:
320,192,220589,1,0,0:0:0:0:
64,192,220709,128,0,220949:0:0:0:0:
192,192,220709,1,0,0:0:0:0:
320,192,220829,128,0,220949:0:0:0:0:
192,192,220949,128,0,221069:0:0:0:0:
448,192,221069,128,0,221189:0:0:0:0:
192,192,221189,1,0,0:0:0:0:
320,192,221189,1,0,0:0:0:0:
64,192,221189,128,0,222149:0:0:0:0:
448,192,221429,128,0,221549:0:0:0:0:
192,192,221549,128,0,221669:0:0:0:0:
320,192,221669,1,0,0:0:0:0:
448,192,221669,1,0,0:0:0:0:
320,192,221909,128,0,222029:0:0:0:0:
448,192,222029,128,0,222149:0:0:0:0:
192,192,222149,1,0,0:0:0:0:
320,192,222149,1,0,0:0:0:0:
448,192,222269,128,0,222389:0:0:0:0:
64,192,222389,1,0,0:0:0:0:
192,192,222509,128,0,222629:0:0:0:0:
320,192,222629,1,0,0:0:0:0:
64,192,222629,1,0,0:0:0:0:
448,192,222629,1,0,0:0:0:0:
192,192,222749,1,0,0:0:0:0:
448,192,222869,128,0,222989:0:0:0:0:
64,192,222989,1,0,0:0:0:0:
192,192,223109,1,0,0:0:0:0:
320,192,223109,1,0,0:0:0:0:
64,192,223349,128,0,223469:0:0:0:0:
320,192,223469,128,0,223589:0:0:0:0:
64,192,223589,1,0,0:0:0:0:
448,192,223589,128,0,223709:0:0:0:0:
192,192,223589,1,0,0:0:0:0:
320,192,223709,128,0,223829:0:0:0:0:
64,192,223829,128,0,223949:0:0:0:0:
192,192,223949,128,0,224069:0:0:0:0:
448,192,224069,1,0,0:0:0:0:
320,192,224069,128,0,224189:0:0:0:0:
64,192,224189,128,0,224309:0:0:0:0:
192,192,224309,128,0,224429:0:0:0:0:
448,192,224429,128,0,224549:0:0:0:0:
64,192,224549,1,0,0:0:0:0:
320,192,224549,128,0,224669:0:0:0:0:
192,192,224549,1,0,0:0:0:0:
448,192,224669,128,0,224789:0:0:0:0:
64,192,224789,128,0,225029:0:0:0:0:
448,192,225029,1,0,0:0:0:0:
320,192,225029,1,0,0:0:0:0:
192,192,225269,128,0,225389:0:0:0:0:
320,192,225509,128,0,225629:0:0:0:0:
64,192,225509,1,0,0:0:0:0:
448,192,225509,1,0,0:0:0:0:
192,192,225629,128,0,225749:0:0:0:0:
448,192,225749,128,0,225869:0:0:0:0:
320,192,225869,128,0,225989:0:0:0:0:
64,192,225989,1,0,0:0:0:0:
192,192,225989,128,0,226109:0:0:0:0:
448,192,226109,128,0,226229:0:0:0:0:
64,192,226229,128,0,226349:0:0:0:0:
320,192,226349,128,0,226469:0:0:0:0:
64,192,226469,1,0,0:0:0:0:
448,192,226469,1,0,0:0:0:0:
192,192,226469,128,0,226709:0:0:0:0:
320,192,226709,1,0,0:0:0:0:
64,192,226829,128,0,226949:0:0:0:0:
192,192,226949,1,0,0:0:0:0:
448,192,226949,128,0,227189:0:0:0:0:
320,192,227189,128,0,227309:0:0:0:0:
64,192,227309,128,0,227429:0:0:0:0:
320,192,227429,1,0,0:0:0:0:
448,192,227429,128,0,227549:0:0:0:0:
192,192,227429,1,0,0:0:0:0:
64,192,227549,128,0,227669:0:0:0:0:
448,192,227669,128,0,227789:0:0:0:0:
320,192,227789,128,0,228029:0:0:0:0:
64,192,227909,1,0,0:0:0:0:
192,192,227909,1,0,0:0:0:0:
448,192,228029,128,0,228149:0:0:0:0:
192,192,228149,128,0,228269:0:0:0:0:
320,192,228269,128,0,228389:0:0:0:0:
448,192,228389,1,0,0:0:0:0:
64,192,228389,1,0,0:0:0:0:
192,192,228389,1,0,0:0:0:0:
320,192,228509,1,0,0:0:0:0:
64,192,228629,1,0,0:0:0:0:
448,192,228629,1,0,0:0:0:0:
192,192,228749,1,0,0:0:0:0:
320,192,228869,1,0,0:0:0:0:
64,192,228869,1,0,0:0:0:0:
448,192,228869,1,0,0:0:0:0:
192,192,229109,1,0,0:0:0:0:
320,192,229229,1,0,0:0:0:0:
192,192,229349,1,0,0:0:0:0:
448,192,229349,1,0,0:0:0:0:
64,192,229349,1,0,0:0:0:0:
320,192,229589,1,0,0:0:0:0:
64,192,229709,1,0,0:0:0:0:
448,192,229829,1,0,0:0:0:0:
192,192,229829,1,0,0:0:0:0:
64,192,229949,1,0,0:0:0:0:
320,192,230069,1,0,0:0:0:0:
192,192,230189,1,0,0:0:0:0:
448,192,230309,1,0,0:0:0:0:
320,192,230309,1,0,0:0:0:0:
64,192,230309,1,0,0:0:0:0:
192,192,230549,128,0,230789:0:0:0:0:
64,192,230789,128,0,231029:0:0:0:0:
448,192,230789,1,0,0:0:0:0:
448,192,231029,128,0,231269:0:0:0:0:
64,192,231269,1,0,0:0:0:0:
192,192,231269,1,0,0:0:0:0:
320,192,231269,1,0,0:0:0:0:
320,192,231509,128,0,231749:0:0:0:0:
192,192,231629,1,0,0:0:0:0:
64,192,231749,128,0,231989:0:0:0:0:
448,192,231749,1,0,0:0:0:0:
320,192,231869,1,0,0:0:0:0:
448,192,231989,128,0,232229:0:0:0:0:
320,192,232229,1,0,0:0:0:0:
64,192,232229,1,0,0:0:0:0:
192,192,232229,128,0,232469:0:0:0:0:
64,192,232469,1,0,0:0:0:0:
448,192,232469,128,0,232709:0:0:0:0:
192,192,232709,1,0,0:0:0:0:
320,192,232709,1,0,0:0:0:0:
64,192,232949,1,0,0:0:0:0:
320,192,233069,1,0,0:0:0:0:
448,192,233189,1,0,0:0:0:0:
64,192,233189,1,0,0:0:0:0:
192,192,233189,1,0,0:0:0:0:
192,192,233429,1,0,0:0:0:0:
320,192,233549,1,0,0:0:0:0:
64,192,233669,1,0,0:0:0:0:
448,192,233669,1,0,0:0:0:0:
320,192,233789,1,0,0:0:0:0:
192,192,233909,1,0,0:0:0:0:
64,192,234029,128,0,234149:0:0:0:0:
448,192,234149,1,0,0:0:0:0:
320,192,234149,1,0,0:0:0:0:
192,192,234149,1,0,0:0:0:0:
64,192,234269,128,0,234389:0:0:0:0:
448,192,234389,128,0,234629:0:0:0:0:
320,192,234509,128,0,234629:0:0:0:0:
64,192,234629,1,0,0:0:0:0:
192,192,234629,1,0,0:0:0:0:
320,192,234749,1,0,0:0:0:0:
448,192,234869,1,0,0:0:0:0:
192,192,234989,1,0,0:0:0:0:
64,192,235109,1,0,0:0:0:0:
320,192,235109,1,0,0:0:0:0:
448,192,235109,1,0,0:0:0:0:
192,192,235229,1,0,0:0:0:0:
320,192,235349,1,0,0:0:0:0:
448,192,235469,1,0,0:0:0:0:
192,192,235589,1,0,0:0:0:0:
64,192,235589,1,0,0:0:0:0:
320,192,235709,1,0,0:0:0:0:
192,192,235829,128,0,236069:0:0:0:0:
448,192,235829,1,0,0:0:0:0:
64,192,235949,1,0,0:0:0:0:
448,192,236069,128,0,236189:0:0:0:0:
320,192,236069,1,0,0:0:0:0:
64,192,236189,128,0,236309:0:0:0:0:
448,192,236309,1,0,0:0:0:0:
320,192,236309,128,0,236429:0:0:0:0:
192,192,236429,1,0,0:0:0:0:
64,192,236549,1,0,0:0:0:0:
448,192,236549,128,0,236669:0:0:0:0:
320,192,236549,1,0,0:0:0:0:
192,192,236669,128,0,236789:0:0:0:0:
64,192,236789,128,0,237029:0:0:0:0:
448,192,236909,1,0,0:0:0:0:
192,192,237029,1,0,0:0:0:0:
320,192,237029,1,0,0:0:0:0:
320,192,237269,1,0,0:0:0:0:
64,192,237389,1,0,0:0:0:0:
448,192,237509,1,0,0:0:0:0:
192,192,237509,1,0,0:0:0:0:
320,192,237629,1,0,0:0:0:0:
64,192,237749,1,0,0:0:0:0:
192,192,237869,1,0,0:0:0:0:
64,192,237989,1,0,0:0:0:0:
448,192,237989,1,0,0:0:0:0:
320,192,237989,1,0,0:0:0:0:
448,192,238229,128,0,238469:0:0:0:0:
64,192,238469,1,0,0:0:0:0:
192,192,238469,1,0,0:0:0:0:
320,192,238709,1,0,0:0:0:0:
448,192,238829,1,0,0:0:0:0:
320,192,238949,1,0,0:0:0:0:
192,192,238949,1,0,0:0:0:0:
64,192,238949,1,0,0:0:0:0:
448,192,239069,1,0,0:0:0:0:
192,192,239189,1,0,0:0:0:0:
320,192,239309,1,0,0:0:0:0:
448,192,239429,1,0,0:0:0:0:
64,192,239429,1,0,0:0:0:0:
192,192,239549,1,0,0:0:0:0:
320,192,239669,1,0,0:0:0:0:
64,192,239669,128,0,239909:0:0:0:0:
320,192,239909,1,0,0:0:0:0:
448,192,239909,1,0,0:0:0:0:
192,192,240029,1,0,0:0:0:0:
64,192,240029,1,0,0:0:0:0:
448,192,240149,1,0,0:0:0:0:
320,192,240269,1,0,0:0:0:0:
64,192,240389,1,0,0:0:0:0:
448,192,240389,1,0,0:0:0:0:
192,192,240389,1,0,0:0:0:0:
448,192,240629,128,0,240869:0:0:0:0:
192,192,240629,128,0,240869:0:0:0:0:
64,192,240629,128,0,240869:0:0:0:0:
64,192,241349,1,0,0:0:0:0:
448,192,241349,1,0,0:0:0:0:
320,192,241349,1,0,0:0:0:0:
64,192,241589,128,0,241829:0:0:0:0:
320,192,241589,128,0,241829:0:0:0:0:
448,192,241589,128,0,241829:0:0:0:0:
320,192,242309,128,0,242549:0:0:0:0:
448,192,242309,128,0,242549:0:0:0:0:
192,192,242309,128,0,242549:0:0:0:0:
